time:  2025-03-31T14:26:50.620733 1 sec | ETA: 736.83 h | epoch:  0 | batch:  0 / 26526 | 8.53451156616211
time:  2025-03-31T14:31:42.459538 293 sec | ETA: 21.59 h | epoch:  0 | batch:  100 / 26526 | 1.4931855201721191
