Najdi lemmata končící na -nost	preloaded/cstenten23_mj2	[lemma=".*nost"]	[lemma_lc=".*nost$"]	{"n_grams_1": 0.8, "n_grams_2": 0.5555555555555556, "n_grams_3": 0.375, "n_grams_4": 0.2857142857142857, "n_grams_5": 0.16666666666666666, "n_grams_6": 0.0, "bleu": 0.4671379777282001, "precision": 1.0, "recall": 1.0, "f1": 1.0, "maximal intersection over union": 1.0, "maximal intersection over union +-1": 1.0, "maximal intersection over union +-2": 1.0, "sentence_precision": 1.0, "sentence_recall": 1.0}
Najdi přesně středník	preloaded/cstenten23_mj2	[word==";"]	[word=";"]	{"n_grams_1": 1.0, "n_grams_2": 1.0, "n_grams_3": 0.8, "n_grams_4": 0.5, "n_grams_5": 0.3333333333333333, "n_grams_6": 0.0, "bleu": 0.6894026190863772, "precision": 1.0, "recall": 1.0, "f1": 1.0, "maximal intersection over union": 1.0, "maximal intersection over union +-1": 1.0, "maximal intersection over union +-2": 1.0, "sentence_precision": 1.0, "sentence_recall": 1.0}
Pětipísmenná malá slova	preloaded/cstenten23_mj2	[word="[[:lower:]]{5}"]	[word="[a-záčďéěíňóřšťúůýž]{5}"]	{"n_grams_1": 0.9166666666666666, "n_grams_2": 0.8181818181818182, "n_grams_3": 0.7, "n_grams_4": 0.5555555555555556, "n_grams_5": 0.375, "n_grams_6": 0.14285714285714285, "bleu": 0.6220700406786386, "precision": 1.0, "recall": 1.0, "f1": 1.0, "maximal intersection over union": 1.0, "maximal intersection over union +-1": 1.0, "maximal intersection over union +-2": 1.0, "sentence_precision": 1.0, "sentence_recall": 1.0}
Slova začínající na pře-	preloaded/cstenten23_mj2	[lc="pře.*"]	[lc ~ "^pře"]	{"n_grams_1": 0.75, "n_grams_2": 0.2857142857142857, "n_grams_3": 0.0, "n_grams_4": 0.0, "n_grams_5": 0.0, "n_grams_6": 0.0, "bleu": 8.956404721575399e-155, "precision": 0, "recall": 0, "f1": 0, "maximal intersection over union": 0, "maximal intersection over union +-1": 0, "maximal intersection over union +-2": 0, "sentence_precision": 0, "sentence_recall": 0}
Slova končící na -ový nebo -ová	preloaded/cstenten23_mj2	[word=".*ov[ýá]"]	[lc = ".*ový$"] | [lc = ".*ová$"]	{"n_grams_1": 0.6666666666666666, "n_grams_2": 0.4, "n_grams_3": 0.21052631578947367, "n_grams_4": 0.1111111111111111, "n_grams_5": 0.0, "n_grams_6": 0.0, "bleu": 0.14962848372546667, "precision": 0.999, "recall": 0.999, "f1": 0.999, "maximal intersection over union": 0.999, "maximal intersection over union +-1": 0.999, "maximal intersection over union +-2": 0.999, "sentence_precision": 0.9988851727982163, "sentence_recall": 0.9988851727982163}
Lemmata začínající mikro- a končící -skop	preloaded/cstenten23_mj2	[lemma="mikro.*skop"]	[lemma_lc="^mikro.*skop$"]	{"n_grams_1": 0.75, "n_grams_2": 0.45454545454545453, "n_grams_3": 0.2, "n_grams_4": 0.1111111111111111, "n_grams_5": 0.0, "n_grams_6": 0.0, "bleu": 0.29502343631964045, "precision": 1.0, "recall": 1.0, "f1": 1.0, "maximal intersection over union": 1.0, "maximal intersection over union +-1": 1.0, "maximal intersection over union +-2": 1.0, "sentence_precision": 1.0, "sentence_recall": 1.0}
Slovo začínající s velkým písmenem uvnitř věty, ne však na začátku	preloaded/cstenten23_mj2	[][word="[[:upper:]].+"] within <s/>	<s/> [] [word="[A-ZÁČĎÉĚÍŇÓŘŠŤÚŮÝŽ].*"]	{"n_grams_1": 0.875, "n_grams_2": 0.6666666666666666, "n_grams_3": 0.42857142857142855, "n_grams_4": 0.3076923076923077, "n_grams_5": 0.25, "n_grams_6": 0.18181818181818182, "bleu": 0.4366002163357506, "precision": 0.0, "recall": 0.0, "f1": 0.0, "maximal intersection over union": 0.01673534411708108, "maximal intersection over union +-1": 0.026243586462734347, "maximal intersection over union +-2": 0.033085316317457765, "sentence_precision": 0.039, "sentence_recall": 0.08533916849015317}
Tokeny s pomlčkou	preloaded/cstenten23_mj2	[word=".*-.*"]	[word~".*[-–—].*"]	{"n_grams_1": 0.8461538461538461, "n_grams_2": 0.5, "n_grams_3": 0.2727272727272727, "n_grams_4": 0.1, "n_grams_5": 0.0, "n_grams_6": 0.0, "bleu": 0.31170906522700675, "precision": 0, "recall": 0, "f1": 0, "maximal intersection over union": 0, "maximal intersection over union +-1": 0, "maximal intersection over union +-2": 0, "sentence_precision": 0, "sentence_recall": 0}
Tokeny složené jen z číslic	preloaded/cstenten23_mj2	[word="\d+"]	[word="[0-9]+"]	{"n_grams_1": 0.9, "n_grams_2": 0.5555555555555556, "n_grams_3": 0.375, "n_grams_4": 0.14285714285714285, "n_grams_5": 0.0, "n_grams_6": 0.0, "bleu": 0.37991784282579627, "precision": 1.0, "recall": 1.0, "f1": 1.0, "maximal intersection over union": 1.0, "maximal intersection over union +-1": 1.0, "maximal intersection over union +-2": 1.0, "sentence_precision": 1.0, "sentence_recall": 1.0}
Tokeny složené jen z interpunkce s více jak jedním znakem	preloaded/cstenten23_mj2	[word="[[:punct:]]{2,}"]	[tag="kZ.*" & word=".{2,}"]	{"n_grams_1": 0.6842105263157895, "n_grams_2": 0.4444444444444444, "n_grams_3": 0.29411764705882354, "n_grams_4": 0.1875, "n_grams_5": 0.13333333333333333, "n_grams_6": 0.07142857142857142, "bleu": 0.32594818888335836, "precision": 0, "recall": 0.0, "f1": 0.0, "maximal intersection over union": 0, "maximal intersection over union +-1": 0, "maximal intersection over union +-2": 0, "sentence_precision": 0, "sentence_recall": 0.0}
Vlastní jména	preloaded/cstenten23_mj2	[tag="k1.*" & word="[[:upper:]].*"]	[tag="k1.*" & word="[\\p{Lu}].*"]	{"n_grams_1": 0.8181818181818182, "n_grams_2": 0.7619047619047619, "n_grams_3": 0.7, "n_grams_4": 0.631578947368421, "n_grams_5": 0.5555555555555556, "n_grams_6": 0.47058823529411764, "bleu": 0.7245511487202049, "precision": 1.0, "recall": 1.0, "f1": 1.0, "maximal intersection over union": 1.0, "maximal intersection over union +-1": 1.0, "maximal intersection over union +-2": 1.0, "sentence_precision": 1.0, "sentence_recall": 1.0}
Zájmena tázací/relativní	preloaded/cstenten23_mj2	[tag="k3.*" & word="kdo|co|který|jenž"]	[tag="k3.*x[RQ].*"]	{"n_grams_1": 0.8666666666666667, "n_grams_2": 0.6428571428571429, "n_grams_3": 0.46153846153846156, "n_grams_4": 0.3333333333333333, "n_grams_5": 0.2727272727272727, "n_grams_6": 0.2, "bleu": 0.3212418871334966, "precision": 0.043, "recall": 0.043, "f1": 0.043, "maximal intersection over union": 0.043, "maximal intersection over union +-1": 0.043, "maximal intersection over union +-2": 0.043, "sentence_precision": 0.05761316872427984, "sentence_recall": 0.06047516198704104}
Příslovce zakončená na -ě	preloaded/cstenten23_mj2	[word=".*ě" & tag="k6.*"]	[tag="k6.*" & lc=".*ě"]	{"n_grams_1": 0.9411764705882353, "n_grams_2": 0.8125, "n_grams_3": 0.6, "n_grams_4": 0.5, "n_grams_5": 0.38461538461538464, "n_grams_6": 0.25, "bleu": 0.6920762111352678, "precision": 1.0, "recall": 1.0, "f1": 1.0, "maximal intersection over union": 1.0, "maximal intersection over union +-1": 1.0, "maximal intersection over union +-2": 1.0, "sentence_precision": 1.0, "sentence_recall": 1.0}
Přídavná jména v 1. stupni	preloaded/cstenten23_mj2	[tag="k2.*d1.*"]	[tag="k2.*" & tag!=".*d2.*" & tag!=".*d3.*"]	{"n_grams_1": 0.8064516129032258, "n_grams_2": 0.5333333333333333, "n_grams_3": 0.3103448275862069, "n_grams_4": 0.17857142857142858, "n_grams_5": 0.1111111111111111, "n_grams_6": 0.07692307692307693, "bleu": 0.26026517765412527, "precision": 1.0, "recall": 1.0, "f1": 1.0, "maximal intersection over union": 1.0, "maximal intersection over union +-1": 1.0, "maximal intersection over union +-2": 1.0, "sentence_precision": 1.0, "sentence_recall": 1.0}
Přídavná jména v 2. stupni	preloaded/cstenten23_mj2	[tag="k2.*d2.*"]	[tag="k2.*d2"]	{"n_grams_1": 1.0, "n_grams_2": 0.8888888888888888, "n_grams_3": 0.75, "n_grams_4": 0.7142857142857143, "n_grams_5": 0.6666666666666666, "n_grams_6": 0.6, "bleu": 0.6801211491388693, "precision": 0.999, "recall": 0.999, "f1": 0.999, "maximal intersection over union": 0.999, "maximal intersection over union +-1": 0.999, "maximal intersection over union +-2": 0.999, "sentence_precision": 0.9987878787878788, "sentence_recall": 0.9987878787878788}
Přídavná jména v 3. stupni	preloaded/cstenten23_mj2	[tag="k2.*d3.*"]	[tag="k2.*d3.*"]	{"n_grams_1": 1, "n_grams_2": 1, "n_grams_3": 1, "n_grams_4": 1, "n_grams_5": 1, "n_grams_6": 1, "bleu": 1, "precision": 1, "recall": 1, "f1": 1, "maximal intersection over union": 1, "maximal intersection over union +-1": 1, "maximal intersection over union +-2": 1, "sentence_precision": 1, "sentence_recall": 1}
Spojka "a"	preloaded/cstenten23_mj2	[word=="a" & tag="k8.*"]	[lempos="a-c"]	{"n_grams_1": 0.7142857142857143, "n_grams_2": 0.3333333333333333, "n_grams_3": 0.0, "n_grams_4": 0.0, "n_grams_5": 0.0, "n_grams_6": 0.0, "bleu": 2.8805888380584732e-155, "precision": 0.928, "recall": 0.928, "f1": 0.928, "maximal intersection over union": 0.928, "maximal intersection over union +-1": 0.928, "maximal intersection over union +-2": 0.9290555555555555, "sentence_precision": 0.9249061326658323, "sentence_recall": 0.9307304785894207}
Slova ten, tento, tamhleten	preloaded/cstenten23_mj2	[word="ten|tento|tamhleten"]	[lemma="ten" | lemma="tento" | lemma="tamhleten"]	{"n_grams_1": 0.8421052631578947, "n_grams_2": 0.3333333333333333, "n_grams_3": 0.11764705882352941, "n_grams_4": 0.0, "n_grams_5": 0.0, "n_grams_6": 0.0, "bleu": 4.183019101287438e-78, "precision": 0.055, "recall": 0.055, "f1": 0.055, "maximal intersection over union": 0.055, "maximal intersection over union +-1": 0.055200000000000006, "maximal intersection over union +-2": 0.05642857142857143, "sentence_precision": 0.06578947368421052, "sentence_recall": 0.05629477993858751}
Pluralia v -i	preloaded/cstenten23_mj2	[word=".*i" & tag="k1.*nP.*"]	[tag="k1.*nP"] [lc=".*i"]	{"n_grams_1": 0.9473684210526315, "n_grams_2": 0.7222222222222222, "n_grams_3": 0.5294117647058824, "n_grams_4": 0.4375, "n_grams_5": 0.3333333333333333, "n_grams_6": 0.21428571428571427, "bleu": 0.5697103215270549, "precision": 0, "recall": 0.0, "f1": 0.0, "maximal intersection over union": 0, "maximal intersection over union +-1": 0, "maximal intersection over union +-2": 0, "sentence_precision": 0, "sentence_recall": 0.0}
Podstatná jména v 6. pádě	preloaded/cstenten23_mj2	[tag="k1.*c6.*"]	[k="k1" & c="c6"]	{"n_grams_1": 0.7692307692307693, "n_grams_2": 0.3333333333333333, "n_grams_3": 0.09090909090909091, "n_grams_4": 0.0, "n_grams_5": 0.0, "n_grams_6": 0.0, "bleu": 4.0622028886850106e-78, "precision": 1.0, "recall": 1.0, "f1": 1.0, "maximal intersection over union": 1.0, "maximal intersection over union +-1": 1.0, "maximal intersection over union +-2": 1.0, "sentence_precision": 1.0, "sentence_recall": 1.0}
Podstatná jména v 7. pádě	preloaded/cstenten23_mj2	[tag="k1.*c7.*"]	[k="1" & c="7"]	{"n_grams_1": 0.6153846153846154, "n_grams_2": 0.25, "n_grams_3": 0.0, "n_grams_4": 0.0, "n_grams_5": 0.0, "n_grams_6": 0.0, "bleu": 7.505697654413981e-155, "precision": 0, "recall": 0.0, "f1": 0.0, "maximal intersection over union": 0, "maximal intersection over union +-1": 0, "maximal intersection over union +-2": 0, "sentence_precision": 0, "sentence_recall": 0.0}
Tokeny s apostrofem	preloaded/cstenten23_mj2	[word=".*'.*"]	[word=".*'.*"]	{"n_grams_1": 1, "n_grams_2": 1, "n_grams_3": 1, "n_grams_4": 1, "n_grams_5": 1, "n_grams_6": 1, "bleu": 1, "precision": 1, "recall": 1, "f1": 1, "maximal intersection over union": 1, "maximal intersection over union +-1": 1, "maximal intersection over union +-2": 1, "sentence_precision": 1, "sentence_recall": 1}
Měnové symboly Kč/€/$	preloaded/cstenten23_mj2	[word="Kč|€|\$"]	[lc="kč|€|\\$"]	{"n_grams_1": 0.75, "n_grams_2": 0.45454545454545453, "n_grams_3": 0.2, "n_grams_4": 0.0, "n_grams_5": 0.0, "n_grams_6": 0.0, "bleu": 6.240986633072297e-78, "precision": 0.991, "recall": 0.991, "f1": 0.991, "maximal intersection over union": 0.991, "maximal intersection over union +-1": 0.991, "maximal intersection over union +-2": 0.991, "sentence_precision": 0.9914004914004914, "sentence_recall": 0.9914004914004914}
Domény končící na .cz	preloaded/cstenten23_mj2	[word=".*\.cz"]	[doc.tld="cz" & word]	{"n_grams_1": 0.7272727272727273, "n_grams_2": 0.2, "n_grams_3": 0.0, "n_grams_4": 0.0, "n_grams_5": 0.0, "n_grams_6": 0.0, "bleu": 9.212002349967284e-155, "precision": 0, "recall": 0, "f1": 0, "maximal intersection over union": 0, "maximal intersection over union +-1": 0, "maximal intersection over union +-2": 0, "sentence_precision": 0, "sentence_recall": 0}
Hex barvy	preloaded/cstenten23_mj2	[word="#([0-9A-Fa-f]{3}|[0-9A-Fa-f]{6})"]	[lc="hex"] [lemma="barva" & tag="k1gFnSc2"]	{"n_grams_1": 0.65, "n_grams_2": 0.2631578947368421, "n_grams_3": 0.0, "n_grams_4": 0.0, "n_grams_5": 0.0, "n_grams_6": 0.0, "bleu": 5.913285902413147e-155, "precision": 0.0, "recall": 0.0, "f1": 0.0, "maximal intersection over union": 0.0, "maximal intersection over union +-1": 0.0, "maximal intersection over union +-2": 0.0, "sentence_precision": 0.0, "sentence_recall": 0.0}
Uživatelská jména začínající @	preloaded/cstenten23_mj2	[word="@\w+"]	[word="^@.+"]	{"n_grams_1": 0.8, "n_grams_2": 0.5555555555555556, "n_grams_3": 0.375, "n_grams_4": 0.14285714285714285, "n_grams_5": 0.0, "n_grams_6": 0.0, "bleu": 0.392814650900513, "precision": 0.0, "recall": 0, "f1": 0.0, "maximal intersection over union": 0.0, "maximal intersection over union +-1": 0.0, "maximal intersection over union +-2": 0.0, "sentence_precision": 0.0, "sentence_recall": 0}
Hashtagy	preloaded/cstenten23_mj2	[word="#\w+"]	[word="^#\\S+"]	{"n_grams_1": 0.7777777777777778, "n_grams_2": 0.625, "n_grams_3": 0.42857142857142855, "n_grams_4": 0.16666666666666666, "n_grams_5": 0.0, "n_grams_6": 0.0, "bleu": 0.43167001068522526, "precision": 0.951, "recall": 0.951, "f1": 0.951, "maximal intersection over union": 0.951, "maximal intersection over union +-1": 0.955, "maximal intersection over union +-2": 0.9564444444444444, "sentence_precision": 0.9677018633540373, "sentence_recall": 0.966501240694789}
URL končící .pdf	preloaded/cstenten23_mj2	[word="https?://.+\.pdf"]	[doc.url ~ ".*\\.pdf$"]	{"n_grams_1": 0.5714285714285714, "n_grams_2": 0.15384615384615385, "n_grams_3": 0.0, "n_grams_4": 0.0, "n_grams_5": 0.0, "n_grams_6": 0.0, "bleu": 7.855726910762709e-155, "precision": 0, "recall": 0, "f1": 0, "maximal intersection over union": 0, "maximal intersection over union +-1": 0, "maximal intersection over union +-2": 0, "sentence_precision": 0, "sentence_recall": 0}
Symbol © nebo ® jako c nebo r v závorkách	preloaded/cstenten23_mj2	[word=="("][word="[cCrR]"][word==")"]	( [word="("] ( [lc="c"] | [lc="r"] ) [word=")"] ) | [lc="(c)"] | [lc="(r)"]	{"n_grams_1": 0.7924528301886793, "n_grams_2": 0.46153846153846156, "n_grams_3": 0.27450980392156865, "n_grams_4": 0.12, "n_grams_5": 0.04081632653061224, "n_grams_6": 0.0, "bleu": 0.21308959695374816, "precision": 0, "recall": 0, "f1": 0, "maximal intersection over union": 0, "maximal intersection over union +-1": 0, "maximal intersection over union +-2": 0, "sentence_precision": 0, "sentence_recall": 0}
Římské číslice I–X	preloaded/cstenten23_mj2	[word="I|II|III|IV|V|VI|VII|VIII|IX|X"]	[lc="i"] | [lc="ii"] | [lc="iii"] | [lc="iv"] | [lc="v"] | [lc="vi"] | [lc="vii"] | [lc="viii"] | [lc="ix"] | [lc="x"]	{"n_grams_1": 0.7468354430379747, "n_grams_2": 0.2564102564102564, "n_grams_3": 0.0, "n_grams_4": 0.0, "n_grams_5": 0.0, "n_grams_6": 0.0, "bleu": 3.8728555598054305e-155, "precision": 0.122, "recall": 0.122, "f1": 0.122, "maximal intersection over union": 0.122, "maximal intersection over union +-1": 0.1227, "maximal intersection over union +-2": 0.12401190476190475, "sentence_precision": 0.1493099121706399, "sentence_recall": 0.1259259259259259}
Čísla s desetinnou tečkou	preloaded/cstenten23_mj2	[word="\d+\.\d+"]	[tag="k4.*" & word="[0-9]+\\.[0-9]+"]	{"n_grams_1": 0.7083333333333334, "n_grams_2": 0.21739130434782608, "n_grams_3": 0.09090909090909091, "n_grams_4": 0.0, "n_grams_5": 0.0, "n_grams_6": 0.0, "bleu": 3.3890563686544986e-78, "precision": 1.0, "recall": 1.0, "f1": 1.0, "maximal intersection over union": 1.0, "maximal intersection over union +-1": 1.0, "maximal intersection over union +-2": 1.0, "sentence_precision": 1.0, "sentence_recall": 1.0}
Procenta s číslem	preloaded/cstenten23_mj2	[word="\d+(\.\d+)?%"]	(  [tag="k4.*"]   []{0,5}   [lemma="procento"]) | (  [lemma="procento"]   []{0,5}   [tag="k4.*"])	{"n_grams_1": 0.5882352941176471, "n_grams_2": 0.16, "n_grams_3": 0.0, "n_grams_4": 0.0, "n_grams_5": 0.0, "n_grams_6": 0.0, "bleu": 4.1982390726995885e-155, "precision": 0.0, "recall": 0, "f1": 0.0, "maximal intersection over union": 0.0, "maximal intersection over union +-1": 0.0, "maximal intersection over union +-2": 0.0, "sentence_precision": 0.0, "sentence_recall": 0}
Název měsíce následovaný rokem	preloaded/cstenten23_mj2	[word="Leden|Únor|Březen|Duben|Květen|Červen|Červenec|Srpen|Září|Říjen|Listopad|Prosinec"][word="\d{4}"]	[lemma_lc = "leden|únor|březen|duben|květen|červen|červenec|srpen|září|říjen|listopad|prosinec" & tag="k1.*"][tag="k4.*"]	{"n_grams_1": 0.5217391304347826, "n_grams_2": 0.13333333333333333, "n_grams_3": 0.022727272727272728, "n_grams_4": 0.0, "n_grams_5": 0.0, "n_grams_6": 0.0, "bleu": 2.250493055448548e-78, "precision": 0.01, "recall": 0.01, "f1": 0.01, "maximal intersection over union": 0.01, "maximal intersection over union +-1": 0.01, "maximal intersection over union +-2": 0.01, "sentence_precision": 0.011013215859030838, "sentence_recall": 0.010256410256410256}
Den v týdnu následovaný čárkou	preloaded/cstenten23_mj2	[word="Pondělí|Úterý|Středa|Čtvrtek|Pátek|Sobota|Neděle"][word==","]	[lemma="pondělí|úterý|středa|čtvrtek|pátek|sobota|neděle"] [word=","]	{"n_grams_1": 0.6923076923076923, "n_grams_2": 0.36, "n_grams_3": 0.2916666666666667, "n_grams_4": 0.21739130434782608, "n_grams_5": 0.09090909090909091, "n_grams_6": 0.0, "bleu": 0.34117643132942227, "precision": 0.105, "recall": 0.105, "f1": 0.105, "maximal intersection over union": 0.105, "maximal intersection over union +-1": 0.105, "maximal intersection over union +-2": 0.105, "sentence_precision": 0.11041009463722397, "sentence_recall": 0.10638297872340426}
Čas ve formátu HH:MM nebo HH.MM.	preloaded/cstenten23_mj2	[word="[012]?[0-9][:\.][0-5][0-9]"]	[word="[0-9]{2}[:\\.][0-9]{2}"]	{"n_grams_1": 0.6818181818181818, "n_grams_2": 0.5238095238095238, "n_grams_3": 0.35, "n_grams_4": 0.15789473684210525, "n_grams_5": 0.05555555555555555, "n_grams_6": 0.0, "bleu": 0.3581613830555401, "precision": 0.578, "recall": 0.578, "f1": 0.578, "maximal intersection over union": 0.578, "maximal intersection over union +-1": 0.578, "maximal intersection over union +-2": 0.578, "sentence_precision": 0.5796791443850268, "sentence_recall": 0.6076233183856502}
Věta začínající uvozovkou	preloaded/cstenten23_mj2	<s> [word="\"|„|‚|“|’|'"]	<s/> ( [word="\""] | [word="„"] | [word="“"] )	{"n_grams_1": 0.896551724137931, "n_grams_2": 0.5, "n_grams_3": 0.2962962962962963, "n_grams_4": 0.19230769230769232, "n_grams_5": 0.08, "n_grams_6": 0.041666666666666664, "bleu": 0.20506514416915908, "precision": 0.0, "recall": 0.0, "f1": 0.0, "maximal intersection over union": 0.07297008840815457, "maximal intersection over union +-1": 0.17920880456726124, "maximal intersection over union +-2": 0.25750613737449723, "sentence_precision": 0.049, "sentence_recall": 0.049}
Věta končící vykřičníkem	preloaded/cstenten23_mj2	[word=="!"] </s>	<s> []* [word="!"] >> </s>	{"n_grams_1": 0.8888888888888888, "n_grams_2": 0.47058823529411764, "n_grams_3": 0.3125, "n_grams_4": 0.13333333333333333, "n_grams_5": 0.07142857142857142, "n_grams_6": 0.0, "bleu": 0.3230645681297444, "precision": 0, "recall": 0, "f1": 0, "maximal intersection over union": 0, "maximal intersection over union +-1": 0, "maximal intersection over union +-2": 0, "sentence_precision": 0, "sentence_recall": 0}
Otevřená závorka	preloaded/cstenten23_mj2	[word=="("]	[lc="otevřená"] [lc="závorka"]	{"n_grams_1": 0.7142857142857143, "n_grams_2": 0.3076923076923077, "n_grams_3": 0.0, "n_grams_4": 0.0, "n_grams_5": 0.0, "n_grams_6": 0.0, "bleu": 7.55874475436192e-155, "precision": 0.0, "recall": 0.0, "f1": 0.0, "maximal intersection over union": 0.0, "maximal intersection over union +-1": 0.0, "maximal intersection over union +-2": 0.0, "sentence_precision": 0.0, "sentence_recall": 0.0}
Zavřená závorka	preloaded/cstenten23_mj2	[word==")"]	[lemma_lc="zavřený"] [lemma_lc="závorka"]	{"n_grams_1": 0.7142857142857143, "n_grams_2": 0.3076923076923077, "n_grams_3": 0.0, "n_grams_4": 0.0, "n_grams_5": 0.0, "n_grams_6": 0.0, "bleu": 7.55874475436192e-155, "precision": 0.0, "recall": 0.0, "f1": 0.0, "maximal intersection over union": 0.0, "maximal intersection over union +-1": 0.0, "maximal intersection over union +-2": 0.0, "sentence_precision": 0.0, "sentence_recall": 0.0}
Obsah v závorkách do 20 tokenů	preloaded/cstenten23_mj2	[word=="("][]{0,20}[word==")"] within <s/>	[word="("] [word!="(" & word!=")"]{1,20} [word=")"]	{"n_grams_1": 0.8823529411764706, "n_grams_2": 0.7575757575757576, "n_grams_3": 0.53125, "n_grams_4": 0.3548387096774194, "n_grams_5": 0.2, "n_grams_6": 0.06896551724137931, "bleu": 0.42379865741502165, "precision": 0, "recall": 0, "f1": 0, "maximal intersection over union": 0, "maximal intersection over union +-1": 0, "maximal intersection over union +-2": 0, "sentence_precision": 0, "sentence_recall": 0}
Úsek v uvozovkách do 12 tokenů	preloaded/cstenten23_mj2	[word="\"|„|‚|“|’|'"][word!="\"|„|‚|“|’|'"]{0,12}[word="\"|„|‚|“|’|'"] within <s/>	[word="„"] []{0,10} [word="“"] | [word="\""] []{0,10} [word="\""]	{"n_grams_1": 0.9555555555555556, "n_grams_2": 0.6818181818181818, "n_grams_3": 0.46511627906976744, "n_grams_4": 0.2857142857142857, "n_grams_5": 0.14634146341463414, "n_grams_6": 0.075, "bleu": 0.23355604133149674, "precision": 0.733, "recall": 0.733, "f1": 0.733, "maximal intersection over union": 0.8371173243423243, "maximal intersection over union +-1": 0.8590265064397098, "maximal intersection over union +-2": 0.8739150449524676, "sentence_precision": 0.9208074534161491, "sentence_recall": 0.7711313394018205}
"Pan/Paní" před jménem	preloaded/cstenten23_mj2	[word="Pan|Paní"][tag="k1.*" & word="[[:upper:]].*"]	[lc="pan" | lc="paní"] [tag="k1.*c1.*" & word="[A-ZÁČĎÉĚÍŇÓŘŠŤÚŮÝŽ].*"]	{"n_grams_1": 0.8285714285714286, "n_grams_2": 0.6176470588235294, "n_grams_3": 0.48484848484848486, "n_grams_4": 0.40625, "n_grams_5": 0.3225806451612903, "n_grams_6": 0.23333333333333334, "bleu": 0.5241484725214317, "precision": 0.256, "recall": 0.256, "f1": 0.256, "maximal intersection over union": 0.256, "maximal intersection over union +-1": 0.25657142857142856, "maximal intersection over union +-2": 0.2580242424242424, "sentence_precision": 0.26359832635983266, "sentence_recall": 0.25583756345177666}
Zájmeno + být	preloaded/cstenten23_mj2	[tag="k3.*"][lemma="být"]	[tag="k3.*"] [lemma="být" & tag="k5.*"]	{"n_grams_1": 0.9166666666666666, "n_grams_2": 0.8260869565217391, "n_grams_3": 0.7272727272727273, "n_grams_4": 0.6190476190476191, "n_grams_5": 0.55, "n_grams_6": 0.5263157894736842, "bleu": 0.6189972173571918, "precision": 1.0, "recall": 1.0, "f1": 1.0, "maximal intersection over union": 1.0, "maximal intersection over union +-1": 1.0, "maximal intersection over union +-2": 1.0, "sentence_precision": 1.0, "sentence_recall": 1.0}
Podst. jméno s jedním předcházejícím adj.	preloaded/cstenten23_mj2	[tag="k2.*"][tag="k1.*"]	( [tag="k2.*"] [tag="k1.*"] ) within <s/>  & not ( [tag="k2.*"] [tag="k2.*"] [tag="k1.*"] : [1] [2] )	{"n_grams_1": 0.7903225806451613, "n_grams_2": 0.7213114754098361, "n_grams_3": 0.6833333333333333, "n_grams_4": 0.6610169491525424, "n_grams_5": 0.6379310344827587, "n_grams_6": 0.5964912280701754, "bleu": 0.27214600938194505, "precision": 0, "recall": 0, "f1": 0, "maximal intersection over union": 0, "maximal intersection over union +-1": 0, "maximal intersection over union +-2": 0, "sentence_precision": 0, "sentence_recall": 0}
Podst. jméno se dvěma adjektivy před	preloaded/cstenten23_mj2	[tag="k2.*"]{2}[tag="k1.*"]	[tag="k2.*"] []? [tag="k2.*"] []? [tag="k1.*"]	{"n_grams_1": 0.9393939393939394, "n_grams_2": 0.75, "n_grams_3": 0.6774193548387096, "n_grams_4": 0.6, "n_grams_5": 0.5172413793103449, "n_grams_6": 0.42857142857142855, "bleu": 0.4711277936270114, "precision": 0.5, "recall": 0.5, "f1": 0.5, "maximal intersection over union": 0.5776166666666667, "maximal intersection over union +-1": 0.5910036075036076, "maximal intersection over union +-2": 0.5997232517482518, "sentence_precision": 0.6268861454046639, "sentence_recall": 0.5005476451259584}
Podst. jméno s 0-3 adjektivy před	preloaded/cstenten23_mj2	[tag="k2.*"]{0,3}[tag="k1.*"]	[tag="k2.*"]{0,3} [tag="k1.*"]	{"n_grams_1": 1.0, "n_grams_2": 1.0, "n_grams_3": 1.0, "n_grams_4": 1.0, "n_grams_5": 1.0, "n_grams_6": 1.0, "bleu": 1.0, "precision": 1.0, "recall": 1.0, "f1": 1.0, "maximal intersection over union": 1.0, "maximal intersection over union +-1": 1.0, "maximal intersection over union +-2": 1.0, "sentence_precision": 1.0, "sentence_recall": 1.0}
Příslovce těsně před adjektivem	preloaded/cstenten23_mj2	[tag="k6.*"][tag="k2.*"]	[tag="k6.*"] [tag="k2.*"]	{"n_grams_1": 1.0, "n_grams_2": 1.0, "n_grams_3": 1.0, "n_grams_4": 1.0, "n_grams_5": 1.0, "n_grams_6": 1.0, "bleu": 1.0, "precision": 1.0, "recall": 1.0, "f1": 1.0, "maximal intersection over union": 1.0, "maximal intersection over union +-1": 1.0, "maximal intersection over union +-2": 1.0, "sentence_precision": 1.0, "sentence_recall": 1.0}
Adjektivum těsně před slovesem	preloaded/cstenten23_mj2	[tag="k2.*"][tag="k5.*"]	[k="k2"] [k="k5"]	{"n_grams_1": 0.8571428571428571, "n_grams_2": 0.5384615384615384, "n_grams_3": 0.25, "n_grams_4": 0.0, "n_grams_5": 0.0, "n_grams_6": 0.0, "bleu": 5.349201366188092e-78, "precision": 1.0, "recall": 1.0, "f1": 1.0, "maximal intersection over union": 1.0, "maximal intersection over union +-1": 1.0, "maximal intersection over union +-2": 1.0, "sentence_precision": 1.0, "sentence_recall": 1.0}
Sloveso těsně před podst. jménem	preloaded/cstenten23_mj2	[tag="k5.*"][tag="k1.*"]	[k="k5"] [k="k1"]	{"n_grams_1": 0.8571428571428571, "n_grams_2": 0.5384615384615384, "n_grams_3": 0.25, "n_grams_4": 0.0, "n_grams_5": 0.0, "n_grams_6": 0.0, "bleu": 5.349201366188092e-78, "precision": 1.0, "recall": 1.0, "f1": 1.0, "maximal intersection over union": 1.0, "maximal intersection over union +-1": 1.0, "maximal intersection over union +-2": 1.0, "sentence_precision": 1.0, "sentence_recall": 1.0}
Zájméno + adjektivum + podstatné jméno	preloaded/cstenten23_mj2	[tag="k3.*"][tag="k2.*"][tag="k1.*"]	[tag="k3.*"] [tag="k2.*"] [tag="k1.*"]	{"n_grams_1": 1.0, "n_grams_2": 1.0, "n_grams_3": 1.0, "n_grams_4": 1.0, "n_grams_5": 1.0, "n_grams_6": 1.0, "bleu": 1.0, "precision": 1.0, "recall": 1.0, "f1": 1.0, "maximal intersection over union": 1.0, "maximal intersection over union +-1": 1.0, "maximal intersection over union +-2": 1.0, "sentence_precision": 1.0, "sentence_recall": 1.0}
Dvě vlastní jména za sebou	preloaded/cstenten23_mj2	[tag="k1.*" & word="[[:upper:]].*"]{2}	[lemma="[A-ZÁČĎÉĚÍŇÓŘŠŤÚŮÝŽ].*" & (tag="k1.*"|tag="k2.*")] [lemma="[A-ZÁČĎÉĚÍŇÓŘŠŤÚŮÝŽ].*" & (tag="k1.*"|tag="k2.*")]	{"n_grams_1": 0.7931034482758621, "n_grams_2": 0.5614035087719298, "n_grams_3": 0.39285714285714285, "n_grams_4": 0.21818181818181817, "n_grams_5": 0.1111111111111111, "n_grams_6": 0.07547169811320754, "bleu": 0.18647420327485303, "precision": 0.768, "recall": 0.768, "f1": 0.768, "maximal intersection over union": 0.77, "maximal intersection over union +-1": 0.7723619047619047, "maximal intersection over union +-2": 0.7744584415584416, "sentence_precision": 0.7779291553133515, "sentence_recall": 0.8192252510760402}
Tři vlastní jména za sebou	preloaded/cstenten23_mj2	[tag="k1.*" & word="[[:upper:]].*"]{3}	[tag="k1.*" & word="[A-Z].*"][tag="k1.*" & word="[A-Z].*"][tag="k1.*" & word="[A-Z].*"]	{"n_grams_1": 0.9473684210526315, "n_grams_2": 0.8571428571428571, "n_grams_3": 0.7636363636363637, "n_grams_4": 0.6666666666666666, "n_grams_5": 0.5660377358490566, "n_grams_6": 0.46153846153846156, "bleu": 0.27441634905739004, "precision": 0.952, "recall": 0.952, "f1": 0.952, "maximal intersection over union": 0.9525, "maximal intersection over union +-1": 0.9526666666666667, "maximal intersection over union +-2": 0.95275, "sentence_precision": 0.9478609625668449, "sentence_recall": 0.9568151147098516}
Tři po sobě jdoucí podst. jména	preloaded/cstenten23_mj2	[tag="k1.*"]{3}	[tag="k1.*"] [tag="k1.*"] [tag="k1.*"]	{"n_grams_1": 1.0, "n_grams_2": 0.9230769230769231, "n_grams_3": 0.84, "n_grams_4": 0.75, "n_grams_5": 0.6521739130434783, "n_grams_6": 0.5454545454545454, "bleu": 0.29108736587772466, "precision": 1.0, "recall": 1.0, "f1": 1.0, "maximal intersection over union": 1.0, "maximal intersection over union +-1": 1.0, "maximal intersection over union +-2": 1.0, "sentence_precision": 1.0, "sentence_recall": 1.0}
Sloveso + částice s <= 2 tokeny	preloaded/cstenten23_mj2	[tag="k5.*"][]{0,2}[tag="k9.*"]	( [tag="k5.*"] []{0,1} ( [tag="k6.*tD.*"] | [tag="k8.*cS.*"] ) )|( ( [tag="k6.*tD.*"] | [tag="k8.*cS.*"] ) []{0,1} [tag="k5.*"] )	{"n_grams_1": 0.7692307692307693, "n_grams_2": 0.6, "n_grams_3": 0.43820224719101125, "n_grams_4": 0.3181818181818182, "n_grams_5": 0.19540229885057472, "n_grams_6": 0.1511627906976744, "bleu": 0.20325655107227975, "precision": 0, "recall": 0.0, "f1": 0.0, "maximal intersection over union": 0, "maximal intersection over union +-1": 0, "maximal intersection over union +-2": 0, "sentence_precision": 0, "sentence_recall": 0.0}
Sloveso + příslovce + částice	preloaded/cstenten23_mj2	[tag="k5.*"][tag="k6.*"][tag="k9.*"]	[tag="k5.*"] [tag="k6.*"] [tag="k9.*"]	{"n_grams_1": 1.0, "n_grams_2": 1.0, "n_grams_3": 1.0, "n_grams_4": 1.0, "n_grams_5": 1.0, "n_grams_6": 1.0, "bleu": 1.0, "precision": 1.0, "recall": 1.0, "f1": 1.0, "maximal intersection over union": 1.0, "maximal intersection over union +-1": 1.0, "maximal intersection over union +-2": 1.0, "sentence_precision": 1.0, "sentence_recall": 1.0}
Modál + token + infinitiv	preloaded/cstenten23_mj2	[tag="k6.*tD.*"][][tag="k5.*mF.*"]	[k="k5" & (lemma_lc="moci" | lemma_lc="muset" | lemma_lc="chtít" | lemma_lc="smět" | lemma_lc="mít")] [] [k="k5" & m="mF"]	{"n_grams_1": 0.6111111111111112, "n_grams_2": 0.2641509433962264, "n_grams_3": 0.07692307692307693, "n_grams_4": 0.0196078431372549, "n_grams_5": 0.0, "n_grams_6": 0.0, "bleu": 0.07889074282024067, "precision": 0.0, "recall": 0, "f1": 0.0, "maximal intersection over union": 0.0, "maximal intersection over union +-1": 0.0, "maximal intersection over union +-2": 0.0, "sentence_precision": 0.0, "sentence_recall": 0}
"chtít" + "to" + infinitiv	preloaded/cstenten23_mj2	[lemma="chtít"][lemma="to"][tag="k5.*mF.*"]	[lemma="chtít"] [word="to" & tag="k3e[AN]gNnSc4.*"] [tag="k5.*mF.*"]	{"n_grams_1": 0.868421052631579, "n_grams_2": 0.7297297297297297, "n_grams_3": 0.6388888888888888, "n_grams_4": 0.5142857142857142, "n_grams_5": 0.4117647058823529, "n_grams_6": 0.36363636363636365, "bleu": 0.57636516423194, "precision": 0, "recall": 0.0, "f1": 0.0, "maximal intersection over union": 0, "maximal intersection over union +-1": 0, "maximal intersection over union +-2": 0, "sentence_precision": 0, "sentence_recall": 0.0}
"potřebovat" + "to" + infinitiv	preloaded/cstenten23_mj2	[lemma="potřebovat"][lemma="to"][tag="k5.*mF.*"]	[lemma="potřebovat"] [lc="to"] [tag="k5.*mF"]	{"n_grams_1": 0.9583333333333334, "n_grams_2": 0.8695652173913043, "n_grams_3": 0.7727272727272727, "n_grams_4": 0.7142857142857143, "n_grams_5": 0.65, "n_grams_6": 0.5789473684210527, "bleu": 0.7576838543670911, "precision": 0.0, "recall": 0, "f1": 0.0, "maximal intersection over union": 0.0, "maximal intersection over union +-1": 0.0, "maximal intersection over union +-2": 0.0, "sentence_precision": 0.0, "sentence_recall": 0}
"zkusit" + "to" + infinitiv	preloaded/cstenten23_mj2	[lemma="zkusit"][lemma="to"][tag="k5.*mF.*"]	[lemma="zkusit"] [lc="to"] [tag="k5.*mF"]	{"n_grams_1": 0.9583333333333334, "n_grams_2": 0.8695652173913043, "n_grams_3": 0.7727272727272727, "n_grams_4": 0.7142857142857143, "n_grams_5": 0.65, "n_grams_6": 0.5789473684210527, "bleu": 0.7576838543670911, "precision": 0.001, "recall": 0.16666666666666666, "f1": 0.0019880715705765406, "maximal intersection over union": 0.001, "maximal intersection over union +-1": 0.001, "maximal intersection over union +-2": 0.001, "sentence_precision": 0.001002004008016032, "sentence_recall": 0.16666666666666666}
"začít" + přechodník	preloaded/cstenten23_mj2	[lemma="začít"][tag="k5.*(mS|mD).*"]	[lempos_lc="začít-v" & tag="k5.*m[GHJK]"]	{"n_grams_1": 0.7368421052631579, "n_grams_2": 0.3888888888888889, "n_grams_3": 0.23529411764705882, "n_grams_4": 0.1875, "n_grams_5": 0.13333333333333333, "n_grams_6": 0.07142857142857142, "bleu": 0.2716581011231522, "precision": 0, "recall": 0.0, "f1": 0.0, "maximal intersection over union": 0, "maximal intersection over union +-1": 0, "maximal intersection over union +-2": 0, "sentence_precision": 0, "sentence_recall": 0.0}
"přestat" + přechodník	preloaded/cstenten23_mj2	[lemma="přestat"][tag="k5.*(mS|mD).*"]	(  [lemma="přestat" & tag="k5.*"]   []*   [tag="k5.*m[TU].*"]) | (  [tag="k5.*m[TU].*"]   []*   [lemma="přestat" & tag="k5.*"]) within <s>	{"n_grams_1": 0.8666666666666667, "n_grams_2": 0.5945945945945946, "n_grams_3": 0.4931506849315068, "n_grams_4": 0.3333333333333333, "n_grams_5": 0.19718309859154928, "n_grams_6": 0.11428571428571428, "bleu": 0.18235410435427427, "precision": 0, "recall": 0.0, "f1": 0.0, "maximal intersection over union": 0, "maximal intersection over union +-1": 0, "maximal intersection over union +-2": 0, "sentence_precision": 0, "sentence_recall": 0.0}
"být" + "schopen" + infinitiv	preloaded/cstenten23_mj2	[lemma="být"][lemma="schopen"][tag="k5.*mF.*"]	[lemma="být" & tag="k5.*"] [lemma="schopný" & tag="k2.*c1.*"] [tag="k5.*mF.*"]	{"n_grams_1": 0.8888888888888888, "n_grams_2": 0.7727272727272727, "n_grams_3": 0.6744186046511628, "n_grams_4": 0.5238095238095238, "n_grams_5": 0.3902439024390244, "n_grams_6": 0.3, "bleu": 0.4835495198373496, "precision": 0.0, "recall": 0.0, "f1": 0.0, "maximal intersection over union": 0.0, "maximal intersection over union +-1": 0.0, "maximal intersection over union +-2": 0.0, "sentence_precision": 0.0, "sentence_recall": 0.0}
"mohl by" + infinitiv	preloaded/cstenten23_mj2	[word=="mohl"][word=="by"][tag="k5.*mF.*"]	[lc="mohl|mohla|mohlo|mohli|mohly"] [lc="by"] [tag="k5.*mF"]	{"n_grams_1": 0.6875, "n_grams_2": 0.5483870967741935, "n_grams_3": 0.43333333333333335, "n_grams_4": 0.3448275862068966, "n_grams_5": 0.32142857142857145, "n_grams_6": 0.2962962962962963, "bleu": 0.48718735480070263, "precision": 0.233, "recall": 0.233, "f1": 0.233, "maximal intersection over union": 0.233, "maximal intersection over union +-1": 0.233, "maximal intersection over union +-2": 0.233, "sentence_precision": 0.23316582914572864, "sentence_recall": 0.23316582914572864}
"raději by" + infinitiv	preloaded/cstenten23_mj2	[word=="raději"][word=="by"][tag="k5.*mF.*"]	[lc="raději"] [lc="by" & k="k9"] []{0,2} [k="k5" & m="mF"]	{"n_grams_1": 0.675, "n_grams_2": 0.38461538461538464, "n_grams_3": 0.21052631578947367, "n_grams_4": 0.10810810810810811, "n_grams_5": 0.05555555555555555, "n_grams_6": 0.02857142857142857, "bleu": 0.2512179553452341, "precision": 0.0, "recall": 0.0, "f1": 0.0, "maximal intersection over union": 0.0, "maximal intersection over union +-1": 0.0, "maximal intersection over union +-2": 0.0, "sentence_precision": 0.0, "sentence_recall": 0.0}
"nejlépe" + infinitiv	preloaded/cstenten23_mj2	[word=="nejlépe"][tag="k5.*mF.*"]	[lc="nejlépe"] [tag="k5.*mF"]	{"n_grams_1": 0.9411764705882353, "n_grams_2": 0.8125, "n_grams_3": 0.7333333333333333, "n_grams_4": 0.7142857142857143, "n_grams_5": 0.6923076923076923, "n_grams_6": 0.6666666666666666, "bleu": 0.6668478459436131, "precision": 0.987, "recall": 0.987, "f1": 0.987, "maximal intersection over union": 0.987, "maximal intersection over union +-1": 0.987, "maximal intersection over union +-2": 0.987, "sentence_precision": 0.9869215291750503, "sentence_recall": 0.9869215291750503}
k2 + k1 + k5	preloaded/cstenten23_mj2	[tag="k2.*"][tag="k1.*"][tag="k5.*"]	[tag="k2.*"] [tag="k1.*"] [tag="k5.*"]	{"n_grams_1": 1.0, "n_grams_2": 1.0, "n_grams_3": 1.0, "n_grams_4": 1.0, "n_grams_5": 1.0, "n_grams_6": 1.0, "bleu": 1.0, "precision": 1.0, "recall": 1.0, "f1": 1.0, "maximal intersection over union": 1.0, "maximal intersection over union +-1": 1.0, "maximal intersection over union +-2": 1.0, "sentence_precision": 1.0, "sentence_recall": 1.0}
„pokusit se“ + infinitiv	preloaded/cstenten23_mj2	[lemma="pokusit"][lemma="se"][tag="k5.*mF.*"]	[lemma="pokusit"] [lemma="se"] [tag="k5.*mF"]	{"n_grams_1": 1.0, "n_grams_2": 0.9565217391304348, "n_grams_3": 0.9090909090909091, "n_grams_4": 0.9047619047619048, "n_grams_5": 0.9, "n_grams_6": 0.8947368421052632, "bleu": 0.866498688345376, "precision": 1.0, "recall": 1.0, "f1": 1.0, "maximal intersection over union": 1.0, "maximal intersection over union +-1": 1.0, "maximal intersection over union +-2": 1.0, "sentence_precision": 1.0, "sentence_recall": 1.0}
„snažit se“ + infinitiv	preloaded/cstenten23_mj2	[lemma="snažit"][lemma="se"][tag="k5.*mF.*"]	[lemma="snažit" & tag="k5.*"] []{0,1} [lc="se" & tag="k3.*"] []{0,5} [tag="k5.*mF.*"]	{"n_grams_1": 0.75, "n_grams_2": 0.6, "n_grams_3": 0.5, "n_grams_4": 0.33962264150943394, "n_grams_5": 0.23076923076923078, "n_grams_6": 0.17647058823529413, "bleu": 0.3514923190177592, "precision": 0.426, "recall": 0.426, "f1": 0.426, "maximal intersection over union": 0.4492642857142857, "maximal intersection over union +-1": 0.4552718253968254, "maximal intersection over union +-2": 0.45897777777777776, "sentence_precision": 0.4695459579180509, "sentence_recall": 0.42613065326633165}
"být" do 1 tokenu od slovesa	preloaded/cstenten23_mj2	(meet [lemma="být"] [tag="k5.*"] -1 1)	([lemma="být"] []? [tag="k5.*"]) | ([tag="k5.*"] []? [lemma="být"])	{"n_grams_1": 0.9302325581395349, "n_grams_2": 0.7142857142857143, "n_grams_3": 0.6341463414634146, "n_grams_4": 0.525, "n_grams_5": 0.4358974358974359, "n_grams_6": 0.34210526315789475, "bleu": 0.33789716803063213, "precision": 0.0, "recall": 0.0, "f1": 0.0, "maximal intersection over union": 0.108, "maximal intersection over union +-1": 0.171, "maximal intersection over union +-2": 0.1942857142857143, "sentence_precision": 0.2582619339045288, "sentence_recall": 0.25544794188861986}
Sloveso do 3 tokenů od "riziko"	preloaded/cstenten23_mj2	(meet [tag="k5.*"] [lemma="riziko"] -3 3)	( [tag="k5.*"] []{0,2} [lemma="riziko"] ) | ( [lemma="riziko"] []{0,2} [tag="k5.*"] )	{"n_grams_1": 0.7843137254901961, "n_grams_2": 0.6, "n_grams_3": 0.5306122448979592, "n_grams_4": 0.4375, "n_grams_5": 0.3617021276595745, "n_grams_6": 0.2826086956521739, "bleu": 0.28325695092580905, "precision": 0.0, "recall": 0.0, "f1": 0.0, "maximal intersection over union": 0.35983333333333334, "maximal intersection over union +-1": 0.6157, "maximal intersection over union +-2": 0.7235119047619049, "sentence_precision": 0.9637046307884856, "sentence_recall": 0.9356014580801945}
Adjektivum do 2 tokenů od "zdát"	preloaded/cstenten23_mj2	(meet [tag="k2.*"] [lemma="zdát"] -2 2)	( [tag="k2.*"] []{0,1} [lempos="zdát-v"] ) | ( [lempos="zdát-v"] []{0,1} [tag="k2.*"] )	{"n_grams_1": 0.7058823529411765, "n_grams_2": 0.44, "n_grams_3": 0.32653061224489793, "n_grams_4": 0.2708333333333333, "n_grams_5": 0.23404255319148937, "n_grams_6": 0.1956521739130435, "bleu": 0.2013403407343, "precision": 0.0, "recall": 0.0, "f1": 0.0, "maximal intersection over union": 0.3926666666666666, "maximal intersection over union +-1": 0.6534, "maximal intersection over union +-2": 0.7566666666666667, "sentence_precision": 0.9667705088265836, "sentence_recall": 0.9667705088265836}
Podstatné jméno do 5 tokenů od "růst"	preloaded/cstenten23_mj2	(meet [tag="k1.*"] [lemma="růst"] -5 5)	( [lemma="růst"] []{0,5} [tag="k1.*"] ) | ( [tag="k1.*"] []{0,5} [lemma="růst"] )	{"n_grams_1": 0.7843137254901961, "n_grams_2": 0.6, "n_grams_3": 0.5306122448979592, "n_grams_4": 0.4375, "n_grams_5": 0.3617021276595745, "n_grams_6": 0.2826086956521739, "bleu": 0.28325695092580905, "precision": 0.0, "recall": 0.0, "f1": 0.0, "maximal intersection over union": 0.25419761904761906, "maximal intersection over union +-1": 0.4843363636363636, "maximal intersection over union +-2": 0.6015837468087468, "sentence_precision": 0.9480874316939891, "sentence_recall": 0.8361445783132531}
Sloveso nebo přídavné jméno poblíž "být"	preloaded/cstenten23_mj2	(union (meet [tag="k5.*"] [lemma="být"] -3 3) (meet [tag="k2.*"] [lemma="být"] -3 3))	<s> (  ( [ lemma="být" ] []{0,5} [ tag="k2.*" | tag="k5.*" ] )  |  ( [ tag="k2.*" | tag="k5.*" ] []{0,5} [ lemma="být" ] )) </s>	{"n_grams_1": 0.7466666666666667, "n_grams_2": 0.581081081081081, "n_grams_3": 0.4931506849315068, "n_grams_4": 0.4027777777777778, "n_grams_5": 0.323943661971831, "n_grams_6": 0.24285714285714285, "bleu": 0.3853429327539039, "precision": 0.0, "recall": 0.0, "f1": 0.0, "maximal intersection over union": 0.0, "maximal intersection over union +-1": 0.0, "maximal intersection over union +-2": 0.0, "sentence_precision": 0.0, "sentence_recall": 0.0}
"tak (přídavné jméno) jako" ve větě	preloaded/cstenten23_mj2	[word="tak"][tag="k2.*"][word="jako"] within <s/>	<s>[lc="tak"] [k="k2"] [lc="jako"]</s>	{"n_grams_1": 0.8148148148148148, "n_grams_2": 0.5, "n_grams_3": 0.36, "n_grams_4": 0.20833333333333334, "n_grams_5": 0.13043478260869565, "n_grams_6": 0.045454545454545456, "bleu": 0.408248290463863, "precision": 0, "recall": 0.0, "f1": 0.0, "maximal intersection over union": 0, "maximal intersection over union +-1": 0, "maximal intersection over union +-2": 0, "sentence_precision": 0, "sentence_recall": 0.0}
„tak <přídavné jméno> že“ do 3 tokenů	preloaded/cstenten23_mj2	[word="tak"][tag="k2.*"][word="že"] within []{6}	[lc="tak"] [tag="k2.*"] [lc="že"]	{"n_grams_1": 0.9130434782608695, "n_grams_2": 0.8181818181818182, "n_grams_3": 0.7619047619047619, "n_grams_4": 0.7, "n_grams_5": 0.631578947368421, "n_grams_6": 0.5555555555555556, "bleu": 0.6120554790781674, "precision": 0.983, "recall": 0.983, "f1": 0.983, "maximal intersection over union": 0.983, "maximal intersection over union +-1": 0.983, "maximal intersection over union +-2": 0.983, "sentence_precision": 0.9829145728643216, "sentence_recall": 0.9829145728643216}
"příliš [přídavné jméno] na to" + infinitiv	preloaded/cstenten23_mj2	[word="příliš"][tag="k2.*"][word="na"][word="to"][tag="k5.*mF.*"]	[lemma="příliš"] [tag="k2.*"] [lemma="na" & tag="k7.*"] [lemma="ten" & tag=".*c4.*"] [tag="k5.*mF"]	{"n_grams_1": 0.8620689655172413, "n_grams_2": 0.6842105263157895, "n_grams_3": 0.5357142857142857, "n_grams_4": 0.43636363636363634, "n_grams_5": 0.35185185185185186, "n_grams_6": 0.2830188679245283, "bleu": 0.5053219495287791, "precision": 0.88, "recall": 0.9850746268656716, "f1": 0.9295774647887324, "maximal intersection over union": 0.88, "maximal intersection over union +-1": 0.88, "maximal intersection over union +-2": 0.88, "sentence_precision": 0.8767123287671232, "sentence_recall": 0.9846153846153847}
"dost <podstatné jméno>"	preloaded/cstenten23_mj2	[word="dost"][tag="k1.*"]	[lempos_lc="dost-n"]	{"n_grams_1": 0.7142857142857143, "n_grams_2": 0.3333333333333333, "n_grams_3": 0.0, "n_grams_4": 0.0, "n_grams_5": 0.0, "n_grams_6": 0.0, "bleu": 2.8805888380584732e-155, "precision": 0.0, "recall": 0.0, "f1": 0.0, "maximal intersection over union": 0.0, "maximal intersection over union +-1": 0.0, "maximal intersection over union +-2": 0.0, "sentence_precision": 0.0, "sentence_recall": 0.0}
"velmi <přídavné jméno>"	preloaded/cstenten23_mj2	[word="velmi"][tag="k2.*"]	[lc="velmi"] [k="k2"]	{"n_grams_1": 0.8571428571428571, "n_grams_2": 0.6153846153846154, "n_grams_3": 0.4166666666666667, "n_grams_4": 0.2727272727272727, "n_grams_5": 0.2, "n_grams_6": 0.1111111111111111, "bleu": 0.42893079197732625, "precision": 0.929, "recall": 0.929, "f1": 0.929, "maximal intersection over union": 0.929, "maximal intersection over union +-1": 0.9292857142857144, "maximal intersection over union +-2": 0.9298666666666666, "sentence_precision": 0.9305413687436159, "sentence_recall": 0.9295918367346939}
"více/méně [přídavné jméno]"	preloaded/cstenten23_mj2	[word="více|méně"][tag="k2.*"]	( [lc="více"] | [lc="méně"] ) [tag="k2.*"]	{"n_grams_1": 0.8461538461538461, "n_grams_2": 0.56, "n_grams_3": 0.375, "n_grams_4": 0.2608695652173913, "n_grams_5": 0.22727272727272727, "n_grams_6": 0.19047619047619047, "bleu": 0.4185938787651429, "precision": 0.958, "recall": 0.958, "f1": 0.958, "maximal intersection over union": 0.958, "maximal intersection over union +-1": 0.958, "maximal intersection over union +-2": 0.9582, "sentence_precision": 0.9582059123343527, "sentence_recall": 0.9572301425661914}
"více (podstatné jméno) než (podstatné jméno)"	preloaded/cstenten23_mj2	[word="více"][tag="k1.*"][word="než"][tag="k1.*"]	[lc="více"] [tag="k1.*"] [lc="než"] [tag="k1.*"]	{"n_grams_1": 0.9375, "n_grams_2": 0.8709677419354839, "n_grams_3": 0.8333333333333334, "n_grams_4": 0.7931034482758621, "n_grams_5": 0.75, "n_grams_6": 0.7037037037037037, "bleu": 0.8570980059247855, "precision": 0.989, "recall": 0.989, "f1": 0.989, "maximal intersection over union": 0.989, "maximal intersection over union +-1": 0.989, "maximal intersection over union +-2": 0.989, "sentence_precision": 0.9888663967611336, "sentence_recall": 0.9888663967611336}
"nejvíce\nejméně (sloveso)"	preloaded/cstenten23_mj2	[word="nejvíce|nejméně"][tag="k5.*"]	(  [lc="nejvíce" | lc="nejméně"] []{0,5} [tag="k5.*"]) | (  [tag="k5.*"] []{0,5} [lc="nejvíce" | lc="nejméně"])	{"n_grams_1": 0.7142857142857143, "n_grams_2": 0.45161290322580644, "n_grams_3": 0.32786885245901637, "n_grams_4": 0.21666666666666667, "n_grams_5": 0.1694915254237288, "n_grams_6": 0.13793103448275862, "bleu": 0.1813715845979031, "precision": 0.137, "recall": 0.137, "f1": 0.137, "maximal intersection over union": 0.17517500000000003, "maximal intersection over union +-1": 0.20105714285714285, "maximal intersection over union +-2": 0.21566453823953824, "sentence_precision": 0.2282793867120954, "sentence_recall": 0.13440320962888666}
Frazém "co nejdříve"	preloaded/cstenten23_mj2	[word="co"][word="nejdříve"]	[lc="co"] [lc="nejdříve"]	{"n_grams_1": 0.8571428571428571, "n_grams_2": 0.6923076923076923, "n_grams_3": 0.5833333333333334, "n_grams_4": 0.45454545454545453, "n_grams_5": 0.3, "n_grams_6": 0.1111111111111111, "bleu": 0.6298129992394241, "precision": 0.988, "recall": 0.988, "f1": 0.988, "maximal intersection over union": 0.988, "maximal intersection over union +-1": 0.988, "maximal intersection over union +-2": 0.988, "sentence_precision": 0.9876160990712074, "sentence_recall": 0.9876160990712074}
Frazém "tak jako tak"	preloaded/cstenten23_mj2	[word="tak"][word="jako"][word="tak"]	[lempos="tak-a"] [lempos="jako-c"] [lempos="tak-a"]	{"n_grams_1": 0.7142857142857143, "n_grams_2": 0.4, "n_grams_3": 0.10526315789473684, "n_grams_4": 0.0, "n_grams_5": 0.0, "n_grams_6": 0.0, "bleu": 5.086138654866476e-78, "precision": 0.761, "recall": 0.761, "f1": 0.761, "maximal intersection over union": 0.761, "maximal intersection over union +-1": 0.761, "maximal intersection over union +-2": 0.761, "sentence_precision": 0.7607607607607607, "sentence_recall": 0.7607607607607607}
"<podstatné jméno> na <podstatné jméno>"	preloaded/cstenten23_mj2	[tag="k1.*"][lemma="na"][tag="k1.*"]	[tag="k1.*"] [lc="na"] [tag="k1.*"]	{"n_grams_1": 0.96, "n_grams_2": 0.9166666666666666, "n_grams_3": 0.8695652173913043, "n_grams_4": 0.8181818181818182, "n_grams_5": 0.7619047619047619, "n_grams_6": 0.7, "bleu": 0.8895260356363631, "precision": 1.0, "recall": 1.0, "f1": 1.0, "maximal intersection over union": 1.0, "maximal intersection over union +-1": 1.0, "maximal intersection over union +-2": 1.0, "sentence_precision": 1.0, "sentence_recall": 1.0}
"<podstatné jméno> versus <podstatné jméno>"	preloaded/cstenten23_mj2	[tag="k1.*"][word=="vs\\.|versus|proti"][tag="k1.*"]	[tag="k1.*"] [lc~versus|vs\.?] [tag="k1.*"]	{"n_grams_1": 0.8518518518518519, "n_grams_2": 0.7307692307692307, "n_grams_3": 0.64, "n_grams_4": 0.5833333333333334, "n_grams_5": 0.5217391304347826, "n_grams_6": 0.45454545454545453, "bleu": 0.5987152908913942, "precision": 0, "recall": 0, "f1": 0, "maximal intersection over union": 0, "maximal intersection over union +-1": 0, "maximal intersection over union +-2": 0, "sentence_precision": 0, "sentence_recall": 0}
"protože" + cokoliv	preloaded/cstenten23_mj2	[lemma="protože"][]	[lc="protože"] []{1,}	{"n_grams_1": 0.6153846153846154, "n_grams_2": 0.5, "n_grams_3": 0.45454545454545453, "n_grams_4": 0.4, "n_grams_5": 0.3333333333333333, "n_grams_6": 0.25, "bleu": 0.48633831680799433, "precision": 0.01, "recall": 0.01, "f1": 0.01, "maximal intersection over union": 0.0839475503527924, "maximal intersection over union +-1": 0.13534212070170207, "maximal intersection over union +-2": 0.17716131618412626, "sentence_precision": 1.0, "sentence_recall": 0.009164969450101833}
"ačkoliv" + libovolný token	preloaded/cstenten23_mj2	[lemma="ačkoliv"][]	[lc="ačkoliv"] []	{"n_grams_1": 0.8888888888888888, "n_grams_2": 0.75, "n_grams_3": 0.7142857142857143, "n_grams_4": 0.6666666666666666, "n_grams_5": 0.6, "n_grams_6": 0.5, "bleu": 0.7506238537503395, "precision": 1.0, "recall": 1.0, "f1": 1.0, "maximal intersection over union": 1.0, "maximal intersection over union +-1": 1.0, "maximal intersection over union +-2": 1.0, "sentence_precision": 1.0, "sentence_recall": 1.0}
"zatímco" + cokoliv	preloaded/cstenten23_mj2	[lemma="zatímco"][]	[lc="zatímco"] []+	{"n_grams_1": 0.8, "n_grams_2": 0.6666666666666666, "n_grams_3": 0.625, "n_grams_4": 0.5714285714285714, "n_grams_5": 0.5, "n_grams_6": 0.4, "bleu": 0.6606328636027614, "precision": 0.01, "recall": 0.01, "f1": 0.01, "maximal intersection over union": 0.0839475503527924, "maximal intersection over union +-1": 0.13534212070170207, "maximal intersection over union +-2": 0.17716131618412626, "sentence_precision": 1.0, "sentence_recall": 0.01001001001001001}
Části "od té doby co" v korpusu	preloaded/cstenten23_mj2	[word="od"][word="té"][word="doby"][word="co"]	[lc="od"] [lc="té"] [lc="doby"] [lc="co"]	{"n_grams_1": 0.8571428571428571, "n_grams_2": 0.7037037037037037, "n_grams_3": 0.5769230769230769, "n_grams_4": 0.44, "n_grams_5": 0.2916666666666667, "n_grams_6": 0.13043478260869565, "bleu": 0.6255375843977073, "precision": 0.671, "recall": 0.671, "f1": 0.671, "maximal intersection over union": 0.671, "maximal intersection over union +-1": 0.671, "maximal intersection over union +-2": 0.671, "sentence_precision": 0.671, "sentence_recall": 0.6716716716716716}
Infinitivy po "aby"	preloaded/cstenten23_mj2	[word="aby"][tag="k5.*mF.*"]	[lc="aby"] [tag!="k5.*mF"]{0,3} [tag="k5.*mF"]	{"n_grams_1": 0.7878787878787878, "n_grams_2": 0.625, "n_grams_3": 0.4838709677419355, "n_grams_4": 0.4, "n_grams_5": 0.3103448275862069, "n_grams_6": 0.21428571428571427, "bleu": 0.39922912523852205, "precision": 0.001, "recall": 0.001, "f1": 0.001, "maximal intersection over union": 0.001, "maximal intersection over union +-1": 0.001, "maximal intersection over union +-2": 0.001, "sentence_precision": 0.00101010101010101, "sentence_recall": 0.001001001001001001}
Infinitivy před "aby"	preloaded/cstenten23_mj2	[tag="k5.*mF.*"][word="aby"]	[k="5" & m="F"] [lemma="aby"]	{"n_grams_1": 0.7, "n_grams_2": 0.42105263157894735, "n_grams_3": 0.2222222222222222, "n_grams_4": 0.11764705882352941, "n_grams_5": 0.0625, "n_grams_6": 0.0, "bleu": 0.2697856975860103, "precision": 0, "recall": 0.0, "f1": 0.0, "maximal intersection over union": 0, "maximal intersection over union +-1": 0, "maximal intersection over union +-2": 0, "sentence_precision": 0, "sentence_recall": 0.0}
Fráze "tam je / je tam"	preloaded/cstenten23_mj2	([word="tam"][word="je"]|[word="je"][word="tam"])	( [lc="tam"] [lc="je" & lemma="být" & tag="k5.*"] ) | ( [lc="je" & lemma="být" & tag="k5.*"] [lc="tam"] )	{"n_grams_1": 0.6721311475409836, "n_grams_2": 0.43333333333333335, "n_grams_3": 0.23728813559322035, "n_grams_4": 0.13793103448275862, "n_grams_5": 0.07017543859649122, "n_grams_6": 0.03571428571428571, "bleu": 0.25877153507132583, "precision": 0.828, "recall": 0.828, "f1": 0.828, "maximal intersection over union": 0.828, "maximal intersection over union +-1": 0.828, "maximal intersection over union +-2": 0.8280909090909091, "sentence_precision": 0.8267074413863404, "sentence_recall": 0.8292433537832311}
"to" + lemma "být" + přídavné jméno	preloaded/cstenten23_mj2	[word="to"][lemma="být"][tag="k2.*"]	[lc="to"] [lemma="být"] [tag="k2.*"]	{"n_grams_1": 0.9565217391304348, "n_grams_2": 0.9090909090909091, "n_grams_3": 0.9047619047619048, "n_grams_4": 0.9, "n_grams_5": 0.8947368421052632, "n_grams_6": 0.8888888888888888, "bleu": 0.9173176373893104, "precision": 0.825, "recall": 0.825, "f1": 0.825, "maximal intersection over union": 0.825, "maximal intersection over union +-1": 0.825, "maximal intersection over union +-2": 0.825, "sentence_precision": 0.8253012048192772, "sentence_recall": 0.8244734202607823}
Věta, která je otázka	preloaded/cstenten23_mj2	<s/> containing [word=="?"] </s>	<s> []* [word="?"] </s>	{"n_grams_1": 0.875, "n_grams_2": 0.6, "n_grams_3": 0.5, "n_grams_4": 0.38461538461538464, "n_grams_5": 0.3333333333333333, "n_grams_6": 0.2727272727272727, "bleu": 0.5423782837718303, "precision": 0, "recall": 0, "f1": 0, "maximal intersection over union": 0, "maximal intersection over union +-1": 0, "maximal intersection over union +-2": 0, "sentence_precision": 0, "sentence_recall": 0}
Věta bez čárky	preloaded/cstenten23_mj2	<s/> !containing [word==","]	[s & ! [word=","]]	{"n_grams_1": 0.8333333333333334, "n_grams_2": 0.5454545454545454, "n_grams_3": 0.4, "n_grams_4": 0.2222222222222222, "n_grams_5": 0.125, "n_grams_6": 0.0, "bleu": 0.39011036472564187, "precision": 0, "recall": 0, "f1": 0, "maximal intersection over union": 0, "maximal intersection over union +-1": 0, "maximal intersection over union +-2": 0, "sentence_precision": 0, "sentence_recall": 0}
Věta s dvojtečkou	preloaded/cstenten23_mj2	<s/> containing [word==":"]	<s> [word=":"] </s>	{"n_grams_1": 0.8461538461538461, "n_grams_2": 0.5, "n_grams_3": 0.36363636363636365, "n_grams_4": 0.2, "n_grams_5": 0.1111111111111111, "n_grams_6": 0.0, "bleu": 0.39832871551569504, "precision": 0.0, "recall": 0.0, "f1": 0.0, "maximal intersection over union": 0.0, "maximal intersection over union +-1": 0.0, "maximal intersection over union +-2": 0.0, "sentence_precision": 0.0, "sentence_recall": 0.0}
Věta se středníkem	preloaded/cstenten23_mj2	<s/> containing [word==";"]	[word=";"] within :p	{"n_grams_1": 0.7777777777777778, "n_grams_2": 0.75, "n_grams_3": 0.5714285714285714, "n_grams_4": 0.3333333333333333, "n_grams_5": 0.2, "n_grams_6": 0.0, "bleu": 0.41368954504257255, "precision": 0, "recall": 0, "f1": 0, "maximal intersection over union": 0, "maximal intersection over union +-1": 0, "maximal intersection over union +-2": 0, "sentence_precision": 0, "sentence_recall": 0}
Věta nezačínající velkým písmenem	preloaded/cstenten23_mj2	<s/> containing <s> [word="[[:upper:]].+"]	<s> [tag="kZ"]* [tag!="kZ" & lc=".*" & word!=".*"]	{"n_grams_1": 0.6470588235294118, "n_grams_2": 0.2727272727272727, "n_grams_3": 0.0625, "n_grams_4": 0.03225806451612903, "n_grams_5": 0.0, "n_grams_6": 0.0, "bleu": 0.1018988257220787, "precision": 0, "recall": 0.0, "f1": 0.0, "maximal intersection over union": 0, "maximal intersection over union +-1": 0, "maximal intersection over union +-2": 0, "sentence_precision": 0, "sentence_recall": 0.0}
Věta začíná příslovcem a čárkou	preloaded/cstenten23_mj2	<s/> containing <s> [tag="k6.*"][word==","]	<s> [tag="k6.*"] [word=","]	{"n_grams_1": 1.0, "n_grams_2": 1.0, "n_grams_3": 0.9411764705882353, "n_grams_4": 0.875, "n_grams_5": 0.8, "n_grams_6": 0.7142857142857143, "bleu": 0.7322034266666174, "precision": 0.0, "recall": 0.0, "f1": 0.0, "maximal intersection over union": 0.12320952492623236, "maximal intersection over union +-1": 0.2108849178129236, "maximal intersection over union +-2": 0.2790559080845333, "sentence_precision": 1.0, "sentence_recall": 1.0}
Odstavec obsahující rok	preloaded/cstenten23_mj2	<p/> containing [word="\d{4}"]	<p>  []*  (    [word="[12][0-9]{3}"]    |    [lemma="rok"]  )  []*</p>	{"n_grams_1": 0.6756756756756757, "n_grams_2": 0.19444444444444445, "n_grams_3": 0.08571428571428572, "n_grams_4": 0.029411764705882353, "n_grams_5": 0.0, "n_grams_6": 0.0, "bleu": 0.09863022371664866, "precision": 0.165, "recall": 0.165, "f1": 0.165, "maximal intersection over union": 0.45358599391348625, "maximal intersection over union +-1": 0.4600776003257243, "maximal intersection over union +-2": 0.4662797883197016, "sentence_precision": 0.3614457831325301, "sentence_recall": 0.15}
Odstavec bez číslic	preloaded/cstenten23_mj2	<p/> !containing [word=".*\d.*"]	<p> [word != ".*[0-9].*"]* </p>	{"n_grams_1": 0.8571428571428571, "n_grams_2": 0.35, "n_grams_3": 0.21052631578947367, "n_grams_4": 0.1111111111111111, "n_grams_5": 0.0, "n_grams_6": 0.0, "bleu": 0.2668173065178967, "precision": 0.297, "recall": 0.297, "f1": 0.297, "maximal intersection over union": 0.3820424452627374, "maximal intersection over union +-1": 0.4295152390032534, "maximal intersection over union +-2": 0.46160056662099497, "sentence_precision": 0.5604770017035775, "sentence_recall": 0.329}
Dokument s tématem koníčky	preloaded/cstenten23_mj2	<doc topic=".*hobbies.*" />	[doc_topic="koníčky"]	{"n_grams_1": 0.42857142857142855, "n_grams_2": 0.16666666666666666, "n_grams_3": 0.0, "n_grams_4": 0.0, "n_grams_5": 0.0, "n_grams_6": 0.0, "bleu": 3.775112189210336e-155, "precision": 0, "recall": 0, "f1": 0, "maximal intersection over union": 0, "maximal intersection over union +-1": 0, "maximal intersection over union +-2": 0, "sentence_precision": 0, "sentence_recall": 0}
Dokument typu zpravodajství	preloaded/cstenten23_mj2	<doc genre=".*news.*" />	[word] within <doc genre="news"/>	{"n_grams_1": 0.6666666666666666, "n_grams_2": 0.45454545454545453, "n_grams_3": 0.3, "n_grams_4": 0.1111111111111111, "n_grams_5": 0.0, "n_grams_6": 0.0, "bleu": 0.317023313852343, "precision": 0, "recall": 0, "f1": 0, "maximal intersection over union": 0, "maximal intersection over union +-1": 0, "maximal intersection over union +-2": 0, "sentence_precision": 0, "sentence_recall": 0}
"Brno" v dokumentech obsahující "Morava" v názvu	preloaded/cstenten23_mj2	[word="Brno"] within <doc title=".*Morava.*"/>	<doc title=".*Morava.*"> [lc="brno"]	{"n_grams_1": 0.8888888888888888, "n_grams_2": 0.6470588235294118, "n_grams_3": 0.5, "n_grams_4": 0.4666666666666667, "n_grams_5": 0.42857142857142855, "n_grams_6": 0.38461538461538464, "bleu": 0.5416104862317961, "precision": 0.95, "recall": 0.019, "f1": 0.03725490196078431, "maximal intersection over union": 0.95, "maximal intersection over union +-1": 0.95, "maximal intersection over union +-2": 0.95, "sentence_precision": 0.95, "sentence_recall": 0.020342612419700215}
"Fakulta Informatiky" v dokumentech obsahující "Masaryk" v názvu	preloaded/cstenten23_mj2	[word="Fakulta"][word="Informatiky"] within <doc title=".*Masaryk.*"/>	<doc title matches "(?i).*Masaryk.*">{  [lc="fakulta"] [lc="informatiky"]}	{"n_grams_1": 0.6333333333333333, "n_grams_2": 0.3448275862068966, "n_grams_3": 0.17857142857142858, "n_grams_4": 0.1111111111111111, "n_grams_5": 0.07692307692307693, "n_grams_6": 0.04, "bleu": 0.25656709268791633, "precision": 0, "recall": 0, "f1": 0, "maximal intersection over union": 0, "maximal intersection over union +-1": 0, "maximal intersection over union +-2": 0, "sentence_precision": 0, "sentence_recall": 0}
Podst. jména v odstavcích které byli získány v roce 2017	preloaded/cstenten23_mj2	[tag="k1.*"] within <doc crawl_date=".*2017.*"/>	<doc crawl_year="2017">  within <p>    [tag="k1.*"]  </p></doc>	{"n_grams_1": 0.8461538461538461, "n_grams_2": 0.4, "n_grams_3": 0.2916666666666667, "n_grams_4": 0.2608695652173913, "n_grams_5": 0.22727272727272727, "n_grams_6": 0.19047619047619047, "bleu": 0.3699382260470039, "precision": 0, "recall": 0, "f1": 0, "maximal intersection over union": 0, "maximal intersection over union +-1": 0, "maximal intersection over union +-2": 0, "sentence_precision": 0, "sentence_recall": 0}
Věty uvnitř dokumentů s tématem "technologie"	preloaded/cstenten23_mj2	<s/> within <doc topic=".*technology.*"/>	<doc topic="technologie">  <s>    []+  </s></doc>	{"n_grams_1": 0.631578947368421, "n_grams_2": 0.16666666666666666, "n_grams_3": 0.11764705882352941, "n_grams_4": 0.0625, "n_grams_5": 0.0, "n_grams_6": 0.0, "bleu": 0.15071676257541072, "precision": 0, "recall": 0.0, "f1": 0.0, "maximal intersection over union": 0, "maximal intersection over union +-1": 0, "maximal intersection over union +-2": 0, "sentence_precision": 0, "sentence_recall": 0.0}
Věty bez velkých písmen	preloaded/cstenten23_mj2	<s/> !containing [word="[[:upper:]]+"]	[word = lc]{1,50} within <sentence/>	{"n_grams_1": 0.42857142857142855, "n_grams_2": 0.15384615384615385, "n_grams_3": 0.08333333333333333, "n_grams_4": 0.0, "n_grams_5": 0.0, "n_grams_6": 0.0, "bleu": 2.6838309544028406e-78, "precision": 0, "recall": 0, "f1": 0, "maximal intersection over union": 0, "maximal intersection over union +-1": 0, "maximal intersection over union +-2": 0, "sentence_precision": 0, "sentence_recall": 0}
Uvozovky bez podst. jména (<=8 tok.)	preloaded/cstenten23_mj2	[word="\"|„|‚|“|’|'"][word!="\"|„|‚|“|’|'" & tag!="k1.*"]{0,8}[word="\"|„|‚|“|’|'"] within <s/>	( [word="„"] | [word="“"] | [word="\""] | [word="»"] | [word="«"] ) within <sentence> not within 8 tokens [tag="k1.*"]	{"n_grams_1": 0.8793103448275862, "n_grams_2": 0.5087719298245614, "n_grams_3": 0.30357142857142855, "n_grams_4": 0.2, "n_grams_5": 0.09259259259259259, "n_grams_6": 0.05660377358490566, "bleu": 0.21700714713033575, "precision": 0, "recall": 0, "f1": 0, "maximal intersection over union": 0, "maximal intersection over union +-1": 0, "maximal intersection over union +-2": 0, "sentence_precision": 0, "sentence_recall": 0}
"klimatická změna" v jedné větě	preloaded/cstenten23_mj2	[lemma="klimatický"][lemma="změna"] within <s/>	[lempos="klimatický-j"] [lempos="změna-n"]	{"n_grams_1": 0.7142857142857143, "n_grams_2": 0.38461538461538464, "n_grams_3": 0.08333333333333333, "n_grams_4": 0.0, "n_grams_5": 0.0, "n_grams_6": 0.0, "bleu": 3.5701076589164915e-78, "precision": 1.0, "recall": 1.0, "f1": 1.0, "maximal intersection over union": 1.0, "maximal intersection over union +-1": 1.0, "maximal intersection over union +-2": 1.0, "sentence_precision": 1.0, "sentence_recall": 1.0}
"data-driven" vs "data driven"	preloaded/cstenten23_mj2	[word=="data-driven"] | [word="data"][word="driven"] within <s/>	( [lc="data-driven"] ) | ( [lc="data"] [lc="driven"] )	{"n_grams_1": 0.7307692307692307, "n_grams_2": 0.52, "n_grams_3": 0.4166666666666667, "n_grams_4": 0.30434782608695654, "n_grams_5": 0.18181818181818182, "n_grams_6": 0.047619047619047616, "bleu": 0.4508499291950601, "precision": 0.7012987012987013, "recall": 1.0, "f1": 0.8244274809160306, "maximal intersection over union": 0.7012987012987013, "maximal intersection over union +-1": 0.7012987012987013, "maximal intersection over union +-2": 0.7012987012987013, "sentence_precision": 0.6977777777777778, "sentence_recall": 1.0}
"na jedné straně ... na druhé straně"	preloaded/cstenten23_mj2	[word="na"][word="jedné"][word="straně"][]{1,8}[word="na"][word="druhé"][word="straně"]	[lc="na"] [lemma="jeden" & tag="k4.*gFnSc6.*"] [lemma="strana" & tag="k1.*gFnSc6.*"] []{0,100} [lc="na"] [lemma="druhý" & tag="k2.*gFnSc6.*"] [lemma="strana" & tag="k1.*gFnSc6.*"]	{"n_grams_1": 0.5268817204301075, "n_grams_2": 0.30434782608695654, "n_grams_3": 0.14285714285714285, "n_grams_4": 0.08888888888888889, "n_grams_5": 0.056179775280898875, "n_grams_6": 0.022727272727272728, "bleu": 0.1905341850888899, "precision": 0, "recall": 0.0, "f1": 0.0, "maximal intersection over union": 0, "maximal intersection over union +-1": 0, "maximal intersection over union +-2": 0, "sentence_precision": 0, "sentence_recall": 0.0}
Opakovaný bigram A B do 6 tokenů	preloaded/cstenten23_mj2	1:[] 2:[] []{0,6} 3:[] 4:[] & 1.word=3.word & 2.word=4.word	[word] as w1 [word] as w2 [tag!=""]{0,2} [word=w1] [word=w2]	{"n_grams_1": 0.7333333333333333, "n_grams_2": 0.20689655172413793, "n_grams_3": 0.07142857142857142, "n_grams_4": 0.037037037037037035, "n_grams_5": 0.0, "n_grams_6": 0.0, "bleu": 0.11842883566151989, "precision": 0, "recall": 0, "f1": 0, "maximal intersection over union": 0, "maximal intersection over union +-1": 0, "maximal intersection over union +-2": 0, "sentence_precision": 0, "sentence_recall": 0}
Dvě identická slova vedle sebe	preloaded/cstenten23_mj2	1:[] 2:[] & 1.word = 2.word	[tag !~ "kZ.*" & lc][tag !~ "kZ.*" & lc]	{"n_grams_1": 0.3333333333333333, "n_grams_2": 0.0, "n_grams_3": 0.0, "n_grams_4": 0.0, "n_grams_5": 0.0, "n_grams_6": 0.0, "bleu": 1.3388441433044314e-231, "precision": 0, "recall": 0, "f1": 0, "maximal intersection over union": 0, "maximal intersection over union +-1": 0, "maximal intersection over union +-2": 0, "sentence_precision": 0, "sentence_recall": 0}
Dva sousední tokeny se stejným lemmatem	preloaded/cstenten23_mj2	1:[] 2:[] & 1.lemma = 2.lemma	[] [] :: ( lemma[0] = lemma[1] )	{"n_grams_1": 0.75, "n_grams_2": 0.13333333333333333, "n_grams_3": 0.0, "n_grams_4": 0.0, "n_grams_5": 0.0, "n_grams_6": 0.0, "bleu": 7.57965434483665e-155, "precision": 0, "recall": 0, "f1": 0, "maximal intersection over union": 0, "maximal intersection over union +-1": 0, "maximal intersection over union +-2": 0, "sentence_precision": 0, "sentence_recall": 0}
Přídavná. jména se stejným lemmatem spojená spojkou	preloaded/cstenten23_mj2	1:[tag="k2.*"][tag="k8.*"] 2:[tag="k2.*"] & 1.lemma = 2.lemma	[tag="k2.*"] [tag="k8.*"] [tag="k2.*" & lemma="%1[lemma]"]	{"n_grams_1": 0.9722222222222222, "n_grams_2": 0.8, "n_grams_3": 0.7058823529411765, "n_grams_4": 0.696969696969697, "n_grams_5": 0.6875, "n_grams_6": 0.6129032258064516, "bleu": 0.6883230981164918, "precision": 0, "recall": 0.0, "f1": 0.0, "maximal intersection over union": 0, "maximal intersection over union +-1": 0, "maximal intersection over union +-2": 0, "sentence_precision": 0, "sentence_recall": 0.0}
Podst. jména s různým lemmatem spojená spojkou	preloaded/cstenten23_mj2	1:[tag="k1.*"][tag="k8.*"] 2:[tag="k1.*"] & 1.lemma != 2.lemma	[tag="k1.*"as n1] ([tag!="k1.*" & tag!="k8.*"]){0,5} [tag="k8.*"] ([tag!="k1.*" & tag!="k8.*"]){0,5} [tag="k1.*"as n2] :: n1.lemma != n2.lemma	{"n_grams_1": 0.797752808988764, "n_grams_2": 0.6136363636363636, "n_grams_3": 0.4482758620689655, "n_grams_4": 0.36046511627906974, "n_grams_5": 0.27058823529411763, "n_grams_6": 0.19047619047619047, "bleu": 0.29027324011480127, "precision": 0, "recall": 0, "f1": 0, "maximal intersection over union": 0, "maximal intersection over union +-1": 0, "maximal intersection over union +-2": 0, "sentence_precision": 0, "sentence_recall": 0}
Adjektivum bez následného podst. jména	preloaded/cstenten23_mj2	[tag="k2.*"][tag!="k1.*"]	[tag="k2.*"] ( [tag="k6.*" | tag="Z.*"] )* [tag!="k1.*"]	{"n_grams_1": 0.8717948717948718, "n_grams_2": 0.7105263157894737, "n_grams_3": 0.5675675675675675, "n_grams_4": 0.4166666666666667, "n_grams_5": 0.3142857142857143, "n_grams_6": 0.2647058823529412, "bleu": 0.4226405630978418, "precision": 0.989, "recall": 0.989, "f1": 0.989, "maximal intersection over union": 0.9963333333333334, "maximal intersection over union +-1": 0.9977999999999999, "maximal intersection over union +-2": 0.9984285714285714, "sentence_precision": 1.0, "sentence_recall": 0.9885714285714285}
„přítomný“ nikoli sloveso	preloaded/cstenten23_mj2	[word=="přítomný" & !tag="k5.*"]	[lemma_lc="přítomný" & k != "k5"]	{"n_grams_1": 0.8571428571428571, "n_grams_2": 0.5384615384615384, "n_grams_3": 0.3333333333333333, "n_grams_4": 0.18181818181818182, "n_grams_5": 0.1, "n_grams_6": 0.0, "bleu": 0.3300789926265817, "precision": 0.051, "recall": 0.051, "f1": 0.051, "maximal intersection over union": 0.051, "maximal intersection over union +-1": 0.051, "maximal intersection over union +-2": 0.051, "sentence_precision": 0.05070993914807302, "sentence_recall": 0.05055611729019211}
'objekt' jako podst. jméno, ne sloveso	preloaded/cstenten23_mj2	[lemma=="objekt" & tag="k1.*"]	[lempos="objekt-n"]	{"n_grams_1": 0.7142857142857143, "n_grams_2": 0.3333333333333333, "n_grams_3": 0.0, "n_grams_4": 0.0, "n_grams_5": 0.0, "n_grams_6": 0.0, "bleu": 2.8805888380584732e-155, "precision": 1.0, "recall": 1.0, "f1": 1.0, "maximal intersection over union": 1.0, "maximal intersection over union +-1": 1.0, "maximal intersection over union +-2": 1.0, "sentence_precision": 1.0, "sentence_recall": 1.0}
"záznam" jen jako podst. jméno	preloaded/cstenten23_mj2	[lemma="záznam" & tag="k1.*"]	[lemma_lc="záznam" & tag="k1.*"]	{"n_grams_1": 0.9333333333333333, "n_grams_2": 0.8571428571428571, "n_grams_3": 0.8461538461538461, "n_grams_4": 0.8333333333333334, "n_grams_5": 0.8181818181818182, "n_grams_6": 0.8, "bleu": 0.8666415730847504, "precision": 1.0, "recall": 1.0, "f1": 1.0, "maximal intersection over union": 1.0, "maximal intersection over union +-1": 1.0, "maximal intersection over union +-2": 1.0, "sentence_precision": 1.0, "sentence_recall": 1.0}
"číst" jen jako sloveso	preloaded/cstenten23_mj2	[lemma="číst" & tag="k5.*"]	[lempos="číst-v"]	{"n_grams_1": 0.7142857142857143, "n_grams_2": 0.3333333333333333, "n_grams_3": 0.0, "n_grams_4": 0.0, "n_grams_5": 0.0, "n_grams_6": 0.0, "bleu": 3.3229464482698266e-155, "precision": 1.0, "recall": 1.0, "f1": 1.0, "maximal intersection over union": 1.0, "maximal intersection over union +-1": 1.0, "maximal intersection over union +-2": 1.0, "sentence_precision": 1.0, "sentence_recall": 1.0}
Varianty pravopisu "e-mail/email"	preloaded/cstenten23_mj2	[word="e-?mail"]	[lemma="e-mail" & tag="k1.*"] | [lemma="email" & tag="k1.*"]	{"n_grams_1": 0.5161290322580645, "n_grams_2": 0.2, "n_grams_3": 0.0, "n_grams_4": 0.0, "n_grams_5": 0.0, "n_grams_6": 0.0, "bleu": 4.803430137390974e-155, "precision": 0.266, "recall": 0.266, "f1": 0.266, "maximal intersection over union": 0.266, "maximal intersection over union +-1": 0.2944, "maximal intersection over union +-2": 0.3190595238095238, "sentence_precision": 0.32611464968152865, "sentence_recall": 0.26202661207778916}
Varianty „kooperovat/co-operate“	preloaded/cstenten23_mj2	[lemma="ko-?operovat"]	[lempos_lc="ko-?operovat-v"]	{"n_grams_1": 0.7777777777777778, "n_grams_2": 0.5, "n_grams_3": 0.2857142857142857, "n_grams_4": 0.16666666666666666, "n_grams_5": 0.0, "n_grams_6": 0.0, "bleu": 0.36889397323344053, "precision": 1.0, "recall": 1.0, "f1": 1.0, "maximal intersection over union": 1.0, "maximal intersection over union +-1": 1.0, "maximal intersection over union +-2": 1.0, "sentence_precision": 1.0, "sentence_recall": 1.0}
Varianty "re-kreace/rekreace"	preloaded/cstenten23_mj2	[word="re-?kreace"]	[lempos_lc="^re-?kreace-n$"]	{"n_grams_1": 0.6363636363636364, "n_grams_2": 0.3, "n_grams_3": 0.0, "n_grams_4": 0.0, "n_grams_5": 0.0, "n_grams_6": 0.0, "bleu": 9.860044343608264e-155, "precision": 0.469, "recall": 0.469, "f1": 0.469, "maximal intersection over union": 0.469, "maximal intersection over union +-1": 0.469, "maximal intersection over union +-2": 0.4691111111111111, "sentence_precision": 0.47315096251266464, "sentence_recall": 0.4717171717171717}
Varianty 'well-being/wellbeing'	preloaded/cstenten23_mj2	[word="well-?being"]	[ lemma="pohoda" | lemma="blahobyt" | lc="well.?being" ]	{"n_grams_1": 0.5909090909090909, "n_grams_2": 0.2857142857142857, "n_grams_3": 0.1, "n_grams_4": 0.05263157894736842, "n_grams_5": 0.0, "n_grams_6": 0.0, "bleu": 0.1336412760311249, "precision": 0.004, "recall": 0.004, "f1": 0.004, "maximal intersection over union": 0.004, "maximal intersection over union +-1": 0.004, "maximal intersection over union +-2": 0.004, "sentence_precision": 0.0040609137055837565, "sentence_recall": 0.004149377593360996}
"zdravotní péče/healthcare"	preloaded/cstenten23_mj2	[word="zdravotní"][word="péče"] | [word="healthcare"]	[lemma="zdravotní" & tag="k2.*"] [lemma="péče" & tag="k1.*"]	{"n_grams_1": 0.6, "n_grams_2": 0.3793103448275862, "n_grams_3": 0.17857142857142858, "n_grams_4": 0.07407407407407407, "n_grams_5": 0.0, "n_grams_6": 0.0, "bleu": 0.2185307482295594, "precision": 0.613, "recall": 0.613, "f1": 0.613, "maximal intersection over union": 0.613, "maximal intersection over union +-1": 0.613, "maximal intersection over union +-2": 0.6134909090909091, "sentence_precision": 0.6184074457083765, "sentence_recall": 0.6209761163032191}
Praha bez ohledu na velikost písmen	preloaded/cstenten23_mj2	[lc="praha"]	[lemma_lc="praha"]	{"n_grams_1": 0.8571428571428571, "n_grams_2": 0.6666666666666666, "n_grams_3": 0.6, "n_grams_4": 0.5, "n_grams_5": 0.3333333333333333, "n_grams_6": 0.0, "bleu": 0.6434588841607617, "precision": 0.364, "recall": 0.364, "f1": 0.364, "maximal intersection over union": 0.364, "maximal intersection over union +-1": 0.36419999999999997, "maximal intersection over union +-2": 0.36553968253968255, "sentence_precision": 0.36153846153846153, "sentence_recall": 0.37386363636363634}
Česká republika bez ohledu na velikost	preloaded/cstenten23_mj2	[lc="česká"][lc="republika"]	[lemma="český"] [lemma="republika"] [lemma="bez"] [lemma="ohled"] [lemma="na"] [lemma="velikost"]	{"n_grams_1": 0.7380952380952381, "n_grams_2": 0.4634146341463415, "n_grams_3": 0.2, "n_grams_4": 0.05128205128205128, "n_grams_5": 0.02631578947368421, "n_grams_6": 0.0, "bleu": 0.12305683521380952, "precision": 0.0, "recall": 0.0, "f1": 0.0, "maximal intersection over union": 0.0, "maximal intersection over union +-1": 0.0, "maximal intersection over union +-2": 0.0, "sentence_precision": 0.0, "sentence_recall": 0.0}
Adjektiva končící -ální	preloaded/cstenten23_mj2	[lemma=".*ální" & tag="k2.*"]	[tag="k2.*" & word ~ "(?i).*ální$"]	{"n_grams_1": 0.6818181818181818, "n_grams_2": 0.47619047619047616, "n_grams_3": 0.3, "n_grams_4": 0.21052631578947367, "n_grams_5": 0.16666666666666666, "n_grams_6": 0.11764705882352941, "bleu": 0.3784157746763232, "precision": 0, "recall": 0, "f1": 0, "maximal intersection over union": 0, "maximal intersection over union +-1": 0, "maximal intersection over union +-2": 0, "sentence_precision": 0, "sentence_recall": 0}
Slovesa končící -ovat	preloaded/cstenten23_mj2	[lemma=".*ovat" & tag="k5.*"]	[tag="k5.*" & lemma_lc=".*ovat$"]	{"n_grams_1": 0.8888888888888888, "n_grams_2": 0.7058823529411765, "n_grams_3": 0.5, "n_grams_4": 0.4, "n_grams_5": 0.2857142857142857, "n_grams_6": 0.15384615384615385, "bleu": 0.5951856468498196, "precision": 1.0, "recall": 1.0, "f1": 1.0, "maximal intersection over union": 1.0, "maximal intersection over union +-1": 1.0, "maximal intersection over union +-2": 1.0, "sentence_precision": 1.0, "sentence_recall": 1.0}
Podst. jména končící -ce	preloaded/cstenten23_mj2	[lemma=".*ce" & tag="k1.*"]	[tag="k1.*" & word="(?i).*ce$"]	{"n_grams_1": 0.7272727272727273, "n_grams_2": 0.5238095238095238, "n_grams_3": 0.3, "n_grams_4": 0.21052631578947367, "n_grams_5": 0.16666666666666666, "n_grams_6": 0.11764705882352941, "bleu": 0.3938443180571433, "precision": 0.533, "recall": 0.533, "f1": 0.533, "maximal intersection over union": 0.533, "maximal intersection over union +-1": 0.535, "maximal intersection over union +-2": 0.538531746031746, "sentence_precision": 0.5918827508455468, "sentence_recall": 0.5965909090909091}
Slova začínající mikro-	preloaded/cstenten23_mj2	[word="mikro.*"]	[lc="mikro-.*"]	{"n_grams_1": 0.7777777777777778, "n_grams_2": 0.5, "n_grams_3": 0.2857142857142857, "n_grams_4": 0.16666666666666666, "n_grams_5": 0.0, "n_grams_6": 0.0, "bleu": 0.36889397323344053, "precision": 0.007, "recall": 0.007, "f1": 0.007, "maximal intersection over union": 0.007, "maximal intersection over union +-1": 0.007, "maximal intersection over union +-2": 0.007, "sentence_precision": 0.007216494845360825, "sentence_recall": 0.007616974972796518}
Slova končící -ologie	preloaded/cstenten23_mj2	[word=".*ologie"]	[lc=".*ologie$"]	{"n_grams_1": 0.8, "n_grams_2": 0.5555555555555556, "n_grams_3": 0.375, "n_grams_4": 0.2857142857142857, "n_grams_5": 0.16666666666666666, "n_grams_6": 0.0, "bleu": 0.4671379777282001, "precision": 0.997, "recall": 0.997, "f1": 0.997, "maximal intersection over union": 0.997, "maximal intersection over union +-1": 0.997, "maximal intersection over union +-2": 0.997, "sentence_precision": 0.9968387776606955, "sentence_recall": 0.9968387776606955}
Jen malá písmena	preloaded/cstenten23_mj2	[word="[[:lower:]]+"]	[word="[a-záčďéěíňóřšťúůýž]+"]	{"n_grams_1": 0.9, "n_grams_2": 0.7777777777777778, "n_grams_3": 0.625, "n_grams_4": 0.42857142857142855, "n_grams_5": 0.16666666666666666, "n_grams_6": 0.0, "bleu": 0.5387551338654779, "precision": 1.0, "recall": 1.0, "f1": 1.0, "maximal intersection over union": 1.0, "maximal intersection over union +-1": 1.0, "maximal intersection over union +-2": 1.0, "sentence_precision": 1.0, "sentence_recall": 1.0}
Jen velká písmena	preloaded/cstenten23_mj2	[word="[[:upper:]]+"]	[word="\p{Lu}+"]	{"n_grams_1": 0.6363636363636364, "n_grams_2": 0.5, "n_grams_3": 0.3333333333333333, "n_grams_4": 0.125, "n_grams_5": 0.0, "n_grams_6": 0.0, "bleu": 0.30983802298041674, "precision": 1.0, "recall": 1.0, "f1": 1.0, "maximal intersection over union": 1.0, "maximal intersection over union +-1": 1.0, "maximal intersection over union +-2": 1.0, "sentence_precision": 1.0, "sentence_recall": 1.0}
"US" nebo "U.S." regex	preloaded/cstenten23_mj2	[word="US|U\.S\."]	[lc="us"] | [lc="u.s."]	{"n_grams_1": 0.7222222222222222, "n_grams_2": 0.29411764705882354, "n_grams_3": 0.0625, "n_grams_4": 0.0, "n_grams_5": 0.0, "n_grams_6": 0.0, "bleu": 3.231681603406294e-78, "precision": 0.67, "recall": 0.67, "f1": 0.67, "maximal intersection over union": 0.67, "maximal intersection over union +-1": 0.67, "maximal intersection over union +-2": 0.67, "sentence_precision": 0.6591397849462366, "sentence_recall": 0.6605603448275862}
Token není tečka	preloaded/cstenten23_mj2	[word!="\."]	[word!="."]	{"n_grams_1": 1.0, "n_grams_2": 0.8571428571428571, "n_grams_3": 0.6666666666666666, "n_grams_4": 0.4, "n_grams_5": 0.25, "n_grams_6": 0.0, "bleu": 0.6101950432112578, "precision": 0.808, "recall": 0.808, "f1": 0.808, "maximal intersection over union": 0.808, "maximal intersection over union +-1": 0.8087000000000001, "maximal intersection over union +-2": 0.8094563492063491, "sentence_precision": 0.7746478873239436, "sentence_recall": 1.0}
Lexikograficky >= „m“	preloaded/cstenten23_mj2	[word>="m"]	[lc >= "m"]	{"n_grams_1": 0.875, "n_grams_2": 0.7142857142857143, "n_grams_3": 0.6666666666666666, "n_grams_4": 0.6, "n_grams_5": 0.5, "n_grams_6": 0.3333333333333333, "bleu": 0.7071067811865475, "precision": 0.9, "recall": 0.9, "f1": 0.9, "maximal intersection over union": 0.9, "maximal intersection over union +-1": 0.9368, "maximal intersection over union +-2": 0.9558730158730159, "sentence_precision": 1.0, "sentence_recall": 0.9035087719298246}
Lexikograficky < „m“	preloaded/cstenten23_mj2	[word<"m"]	[word="Lexikograficky"] [word="„m“"]	{"n_grams_1": 0.7142857142857143, "n_grams_2": 0.3076923076923077, "n_grams_3": 0.0, "n_grams_4": 0.0, "n_grams_5": 0.0, "n_grams_6": 0.0, "bleu": 7.221948193667952e-155, "precision": 0, "recall": 0, "f1": 0, "maximal intersection over union": 0, "maximal intersection over union +-1": 0, "maximal intersection over union +-2": 0, "sentence_precision": 0, "sentence_recall": 0}
Slovesa v dokumentech téma=věda	preloaded/cstenten23_mj2	[tag="k5.*"] within <doc topic=="science"/>	[tag="k5.*"] within <doc topic="věda">	{"n_grams_1": 0.9411764705882353, "n_grams_2": 0.8125, "n_grams_3": 0.7333333333333333, "n_grams_4": 0.7142857142857143, "n_grams_5": 0.6923076923076923, "n_grams_6": 0.6666666666666666, "bleu": 0.70725086432863, "precision": 0, "recall": 0.0, "f1": 0.0, "maximal intersection over union": 0, "maximal intersection over union +-1": 0, "maximal intersection over union +-2": 0, "sentence_precision": 0, "sentence_recall": 0.0}
Věty bez číslic	preloaded/cstenten23_mj2	<s/> !containing [word=".*\d.*"]	<s> [word != ".*[0-9].*"]* </s>	{"n_grams_1": 0.8571428571428571, "n_grams_2": 0.35, "n_grams_3": 0.21052631578947367, "n_grams_4": 0.1111111111111111, "n_grams_5": 0.0, "n_grams_6": 0.0, "bleu": 0.2668173065178967, "precision": 0.155, "recall": 0.155, "f1": 0.155, "maximal intersection over union": 0.46492262665032674, "maximal intersection over union +-1": 0.5116022822486519, "maximal intersection over union +-2": 0.5444035940078573, "sentence_precision": 0.9337349397590361, "sentence_recall": 0.155}
Tezaurus: zelenina po "krájet" do 0–2	preloaded/cstenten23_mj2	[lemma="krájet"][]{0,2} ~"mrkev-n"	[lemma="krájet"] []{0,2} [lemma="zelenina"]	{"n_grams_1": 0.9523809523809523, "n_grams_2": 0.85, "n_grams_3": 0.7368421052631579, "n_grams_4": 0.6666666666666666, "n_grams_5": 0.5882352941176471, "n_grams_6": 0.5625, "bleu": 0.6612116051683129, "precision": 0.0, "recall": 0.0, "f1": 0.0, "maximal intersection over union": 0.005063291139240506, "maximal intersection over union +-1": 0.007067510548523206, "maximal intersection over union +-2": 0.008354430379746834, "sentence_precision": 0.012690355329949238, "sentence_recall": 0.009765625}
Tezaurus: 20 podobných k "město-n"	preloaded/cstenten23_mj2	~20"město-n"	[tag="k1.*" & lempos!="město-n"] within <s> containing [lempos="město-n"]	{"n_grams_1": 0.2857142857142857, "n_grams_2": 0.14814814814814814, "n_grams_3": 0.07692307692307693, "n_grams_4": 0.0, "n_grams_5": 0.0, "n_grams_6": 0.0, "bleu": 1.6143590570897344e-78, "precision": 0, "recall": 0.0, "f1": 0.0, "maximal intersection over union": 0, "maximal intersection over union +-1": 0, "maximal intersection over union +-2": 0, "sentence_precision": 0, "sentence_recall": 0.0}
"investovat" následováno slovy podobnými "obnovitelný" do vzdálenosti 3	preloaded/cstenten23_mj2	[lemma="investovat"][]{0,3} ~"obnovitelný-j"	[lemma_lc="investovat"] []{0,2} [lemma_lc="obnovitelný"]	{"n_grams_1": 0.8095238095238095, "n_grams_2": 0.55, "n_grams_3": 0.42105263157894735, "n_grams_4": 0.3888888888888889, "n_grams_5": 0.35294117647058826, "n_grams_6": 0.3125, "bleu": 0.4707830236971765, "precision": 1.0, "recall": 0.4281150159744409, "f1": 0.5995525727069351, "maximal intersection over union": 1.0, "maximal intersection over union +-1": 1.0, "maximal intersection over union +-2": 1.0, "sentence_precision": 1.0, "sentence_recall": 0.4281150159744409}
12 slov podobných slovu „lékař-n“ do vzdálenosti 2 od slovesa kontaktovat	preloaded/cstenten23_mj2	(meet ~12"lékař-n" [lemma="kontaktovat"] -5 5)	(  [tag="k1.*"] []{0,2} [lemma="kontaktovat" & tag="k5.*"]) | (  [lemma="kontaktovat" & tag="k5.*"] []{0,2} [tag="k1.*"])	{"n_grams_1": 0.5671641791044776, "n_grams_2": 0.2727272727272727, "n_grams_3": 0.12307692307692308, "n_grams_4": 0.09375, "n_grams_5": 0.06349206349206349, "n_grams_6": 0.03225806451612903, "bleu": 0.08100340560279688, "precision": 0.0, "recall": 0.0, "f1": 0.0, "maximal intersection over union": 0.014416666666666666, "maximal intersection over union +-1": 0.030364285714285715, "maximal intersection over union +-2": 0.039737878787878794, "sentence_precision": 0.059674502712477394, "sentence_recall": 0.033880903490759756}
Slova podobná podst. jménu "emise" ve vzdálenosti +-5 od lemma "snížit"	preloaded/cstenten23_mj2	(meet ~"emise-n" [lemma="snížit"] -5 5)	(  [lemma="emise" & tag="k1.*"]   []{0,5}   [lemma="snížit"]) | (  [lemma="snížit"]   []{0,5}   [lemma="emise" & tag="k1.*"])	{"n_grams_1": 0.6349206349206349, "n_grams_2": 0.3548387096774194, "n_grams_3": 0.22950819672131148, "n_grams_4": 0.16666666666666666, "n_grams_5": 0.1016949152542373, "n_grams_6": 0.06896551724137931, "bleu": 0.09802574501643915, "precision": 0.0, "recall": 0.0, "f1": 0.0, "maximal intersection over union": 0.17070476190476191, "maximal intersection over union +-1": 0.27496352813852815, "maximal intersection over union +-2": 0.31629895104895106, "sentence_precision": 0.41760491299897645, "sentence_recall": 0.46311010215664017}
Podst. jméno do 2 tokenů od adjektiva	preloaded/cstenten23_mj2	(meet [tag="k1.*"] [tag="k2.*"] -2 2)	( [tag="k1.*"] []{0,2} [tag="k2.*"] ) | ( [tag="k2.*"] []{0,2} [tag="k1.*"] )	{"n_grams_1": 0.8, "n_grams_2": 0.6296296296296297, "n_grams_3": 0.5660377358490566, "n_grams_4": 0.5, "n_grams_5": 0.43137254901960786, "n_grams_6": 0.34, "bleu": 0.29999876471859843, "precision": 0.0, "recall": 0.0, "f1": 0.0, "maximal intersection over union": 0.3770833333333333, "maximal intersection over union +-1": 0.6274821428571429, "maximal intersection over union +-2": 0.7297664862914863, "sentence_precision": 0.9534883720930233, "sentence_recall": 0.5774647887323944}
Sloveso 1–4 tokeny vpravo od podst. jména	preloaded/cstenten23_mj2	(meet [tag="k5.*"] [tag="k1.*"] 1 4)	[tag="k1.*"] []{0,3} [tag="k5.*"]	{"n_grams_1": 0.8, "n_grams_2": 0.7083333333333334, "n_grams_3": 0.6521739130434783, "n_grams_4": 0.5909090909090909, "n_grams_5": 0.5238095238095238, "n_grams_6": 0.4, "bleu": 0.6658303197871062, "precision": 0.0, "recall": 0.0, "f1": 0.0, "maximal intersection over union": 0.23338333333333333, "maximal intersection over union +-1": 0.4285357142857143, "maximal intersection over union +-2": 0.5333800283050283, "sentence_precision": 0.8788659793814433, "sentence_recall": 0.6361940298507462}
Adjektiva 2–5 tokenů vlevo od podst. jmen	preloaded/cstenten23_mj2	(meet [tag="k2.*"] [tag="k1.*"] -5 -2)	[tag="k2.*"] []{1,4} [tag="k1.*"]	{"n_grams_1": 0.8, "n_grams_2": 0.7083333333333334, "n_grams_3": 0.6521739130434783, "n_grams_4": 0.5909090909090909, "n_grams_5": 0.5238095238095238, "n_grams_6": 0.45, "bleu": 0.6658303197871062, "precision": 0.0, "recall": 0.0, "f1": 0.0, "maximal intersection over union": 0.1822, "maximal intersection over union +-1": 0.37558412698412696, "maximal intersection over union +-2": 0.4848398656898657, "sentence_precision": 0.85, "sentence_recall": 0.6951672862453532}
podst. jména u "byl/byla" a příd. jména u lemma "být". Obojí se vzdáleností +-2.	preloaded/cstenten23_mj2	(union (meet [tag="k1.*"] [word=="byl|byla"] -2 2) (meet [tag="k2.*"] [lemma="být"] -2 2))	( [tag="k1.*"] within 1..2 [lc="byl" | lc="byla"] ) | ( [tag="k2.*"] within 1..2 [lemma_lc="být"] )	{"n_grams_1": 0.8301886792452831, "n_grams_2": 0.4807692307692308, "n_grams_3": 0.37254901960784315, "n_grams_4": 0.28, "n_grams_5": 0.22448979591836735, "n_grams_6": 0.16666666666666666, "bleu": 0.42817253107970465, "precision": 0, "recall": 0, "f1": 0, "maximal intersection over union": 0, "maximal intersection over union +-1": 0, "maximal intersection over union +-2": 0, "sentence_precision": 0, "sentence_recall": 0}
Rok v závorkách	preloaded/cstenten23_mj2	[word=="("][word="\d{4}"][word==")"]	[word="("] []{0,20} [lemma_lc="rok"] []{0,20} [word=")"]	{"n_grams_1": 0.7714285714285715, "n_grams_2": 0.47058823529411764, "n_grams_3": 0.36363636363636365, "n_grams_4": 0.21875, "n_grams_5": 0.0967741935483871, "n_grams_6": 0.03333333333333333, "bleu": 0.364475284252601, "precision": 0, "recall": 0, "f1": 0, "maximal intersection over union": 0, "maximal intersection over union +-1": 0, "maximal intersection over union +-2": 0, "sentence_precision": 0, "sentence_recall": 0}
Tokeny jen z pomlček	preloaded/cstenten23_mj2	[word="-+"]	[word="^[-–—]+$"]	{"n_grams_1": 0.75, "n_grams_2": 0.36363636363636365, "n_grams_3": 0.2, "n_grams_4": 0.1111111111111111, "n_grams_5": 0.0, "n_grams_6": 0.0, "bleu": 0.2620251007173262, "precision": 0.654, "recall": 0.654, "f1": 0.654, "maximal intersection over union": 0.654, "maximal intersection over union +-1": 0.6542, "maximal intersection over union +-2": 0.6547896825396825, "sentence_precision": 0.6279650436953808, "sentence_recall": 0.6592398427260813}
Čárky uvnitř závorek	preloaded/cstenten23_mj2	[word==","] within ([word=="("][]*[word==")"])	[word="("] []{0,100} [word=","] []{0,100} [word=")"]	{"n_grams_1": 0.7714285714285715, "n_grams_2": 0.6470588235294118, "n_grams_3": 0.48484848484848486, "n_grams_4": 0.28125, "n_grams_5": 0.16129032258064516, "n_grams_6": 0.06666666666666667, "bleu": 0.4499779612584143, "precision": 0, "recall": 0, "f1": 0, "maximal intersection over union": 0, "maximal intersection over union +-1": 0, "maximal intersection over union +-2": 0, "sentence_precision": 0, "sentence_recall": 0}
Vlastní jméno + rok	preloaded/cstenten23_mj2	[tag="k1.*" & word="[[:upper:]].*"][word="\d{4}"]	[k="k1" & (g="R" | g="Y" | g="G" | g="T")] [k="k4" & word~"[0-9]{4}"]	{"n_grams_1": 0.6470588235294118, "n_grams_2": 0.32, "n_grams_3": 0.10204081632653061, "n_grams_4": 0.041666666666666664, "n_grams_5": 0.02127659574468085, "n_grams_6": 0.0, "bleu": 0.1431712315455507, "precision": 0, "recall": 0, "f1": 0, "maximal intersection over union": 0, "maximal intersection over union +-1": 0, "maximal intersection over union +-2": 0, "sentence_precision": 0, "sentence_recall": 0}
"Prosím" + infinitiv	preloaded/cstenten23_mj2	[word=="[Pp]rosím"][tag="k5.*mF.*"]	[lc="prosím"] [tag="k5.*mF"]	{"n_grams_1": 0.8823529411764706, "n_grams_2": 0.6875, "n_grams_3": 0.5333333333333333, "n_grams_4": 0.5, "n_grams_5": 0.46153846153846156, "n_grams_6": 0.4166666666666667, "bleu": 0.44559523469176104, "precision": 0.0, "recall": 0, "f1": 0.0, "maximal intersection over union": 0.0, "maximal intersection over union +-1": 0.0, "maximal intersection over union +-2": 0.0, "sentence_precision": 0.0, "sentence_recall": 0}
"Mohl bys" + infinitiv	preloaded/cstenten23_mj2	[word=="[Mm]ohl"][word=="bys|by"][tag="k5.*mF.*"]	[lc="mohl" & lemma="moct" & tag="k5.*gMnSc1"] [lc="bys"] []{0,2} [tag="k5.*mF"]	{"n_grams_1": 0.717391304347826, "n_grams_2": 0.4666666666666667, "n_grams_3": 0.29545454545454547, "n_grams_4": 0.18604651162790697, "n_grams_5": 0.14285714285714285, "n_grams_6": 0.0975609756097561, "bleu": 0.2654307265048352, "precision": 0, "recall": 0, "f1": 0, "maximal intersection over union": 0, "maximal intersection over union +-1": 0, "maximal intersection over union +-2": 0, "sentence_precision": 0, "sentence_recall": 0}
"Rád bych" + infinitiv	preloaded/cstenten23_mj2	[word=="[Rr]ád"][word=="bych"][tag="k5.*mF.*"]	[lemma="rád" & tag="k2.*nSc1"] [lemma="být" & tag="k5.*mC.*p1"] []{0,3} [tag="k5.*mF"]	{"n_grams_1": 0.7115384615384616, "n_grams_2": 0.45098039215686275, "n_grams_3": 0.26, "n_grams_4": 0.16326530612244897, "n_grams_5": 0.125, "n_grams_6": 0.0851063829787234, "bleu": 0.22135852311352847, "precision": 0, "recall": 0, "f1": 0, "maximal intersection over union": 0, "maximal intersection over union +-1": 0, "maximal intersection over union +-2": 0, "sentence_precision": 0, "sentence_recall": 0}
"tak aby"	preloaded/cstenten23_mj2	[word=="tak"][word=="aby"]	[lc="tak"] [lc="aby"]	{"n_grams_1": 0.8571428571428571, "n_grams_2": 0.6923076923076923, "n_grams_3": 0.5833333333333334, "n_grams_4": 0.45454545454545453, "n_grams_5": 0.3, "n_grams_6": 0.1111111111111111, "bleu": 0.5459709700160348, "precision": 0.966, "recall": 0.966, "f1": 0.966, "maximal intersection over union": 0.966, "maximal intersection over union +-1": 0.966, "maximal intersection over union +-2": 0.966, "sentence_precision": 0.9657603222557906, "sentence_recall": 0.9657603222557906}
"v případě že"	preloaded/cstenten23_mj2	[word=="v"][word=="případě"][word=="že"]	[lc="v"] [lc="případě"] [word=","]? [lc="že"]	{"n_grams_1": 0.8275862068965517, "n_grams_2": 0.6428571428571429, "n_grams_3": 0.48148148148148145, "n_grams_4": 0.38461538461538464, "n_grams_5": 0.28, "n_grams_6": 0.16666666666666666, "bleu": 0.5197566412829205, "precision": 0.02, "recall": 0.02, "f1": 0.02, "maximal intersection over union": 0.02, "maximal intersection over union +-1": 0.02, "maximal intersection over union +-2": 0.02, "sentence_precision": 0.02032520325203252, "sentence_recall": 0.020100502512562814}
Slova psaná velkými písmeny	preloaded/cstenten23_mj2	[word="[[:upper:]]+"]	[word="[A-ZÁČĎÉĚÍŇÓŘŠŤÚŮÝŽ]+"]	{"n_grams_1": 0.9, "n_grams_2": 0.7777777777777778, "n_grams_3": 0.625, "n_grams_4": 0.42857142857142855, "n_grams_5": 0.16666666666666666, "n_grams_6": 0.0, "bleu": 0.5387551338654779, "precision": 1.0, "recall": 1.0, "f1": 1.0, "maximal intersection over union": 1.0, "maximal intersection over union +-1": 1.0, "maximal intersection over union +-2": 1.0, "sentence_precision": 1.0, "sentence_recall": 1.0}
Slova s českou diakritikou	preloaded/cstenten23_mj2	[word=".*[áéíóúůýčďěňřšťž].*"]	[tag="k[0-9].*" & lc~".*[áčďéěíňóřšťúůýž].*"]	{"n_grams_1": 0.7083333333333334, "n_grams_2": 0.4782608695652174, "n_grams_3": 0.3181818181818182, "n_grams_4": 0.19047619047619047, "n_grams_5": 0.05, "n_grams_6": 0.0, "bleu": 0.26822436109275993, "precision": 0, "recall": 0, "f1": 0, "maximal intersection over union": 0, "maximal intersection over union +-1": 0, "maximal intersection over union +-2": 0, "sentence_precision": 0, "sentence_recall": 0}
Číslovky v textu	preloaded/cstenten23_mj2	[tag="k4.*"]	[k="k4"]	{"n_grams_1": 0.8571428571428571, "n_grams_2": 0.5, "n_grams_3": 0.2, "n_grams_4": 0.0, "n_grams_5": 0.0, "n_grams_6": 0.0, "bleu": 4.966097853332116e-78, "precision": 1.0, "recall": 1.0, "f1": 1.0, "maximal intersection over union": 1.0, "maximal intersection over union +-1": 1.0, "maximal intersection over union +-2": 1.0, "sentence_precision": 1.0, "sentence_recall": 1.0}
Interpunkce kromě tečky	preloaded/cstenten23_mj2	[tag="kI.*" & word!="\."]	[k="Z" & word != "."]	{"n_grams_1": 0.8571428571428571, "n_grams_2": 0.6153846153846154, "n_grams_3": 0.4166666666666667, "n_grams_4": 0.2727272727272727, "n_grams_5": 0.2, "n_grams_6": 0.1111111111111111, "bleu": 0.39936149547905736, "precision": 0, "recall": 0.0, "f1": 0.0, "maximal intersection over union": 0, "maximal intersection over union +-1": 0, "maximal intersection over union +-2": 0, "sentence_precision": 0, "sentence_recall": 0.0}
Podst. jména 1. pád sg.	preloaded/cstenten23_mj2	[tag="k1.*nS.*c1.*"]	[k="k1" & c="c1" & n="nS"]	{"n_grams_1": 0.7368421052631579, "n_grams_2": 0.2777777777777778, "n_grams_3": 0.058823529411764705, "n_grams_4": 0.0, "n_grams_5": 0.0, "n_grams_6": 0.0, "bleu": 3.0957805077256552e-78, "precision": 1.0, "recall": 1.0, "f1": 1.0, "maximal intersection over union": 1.0, "maximal intersection over union +-1": 1.0, "maximal intersection over union +-2": 1.0, "sentence_precision": 1.0, "sentence_recall": 1.0}
Výpustky	preloaded/cstenten23_mj2	[word=="..."]	[word="Výpustky"]	{"n_grams_1": 0.8571428571428571, "n_grams_2": 0.6666666666666666, "n_grams_3": 0.2, "n_grams_4": 0.0, "n_grams_5": 0.0, "n_grams_6": 0.0, "bleu": 4.626024069124338e-78, "precision": 0.0, "recall": 0.0, "f1": 0.0, "maximal intersection over union": 0.0, "maximal intersection over union +-1": 0.0, "maximal intersection over union +-2": 0.0, "sentence_precision": 0.0, "sentence_recall": 0.0}
Zkratky	preloaded/cstenten23_mj2	[tag="kA.*"]	[tag="kA.*"]	{"n_grams_1": 1, "n_grams_2": 1, "n_grams_3": 1, "n_grams_4": 1, "n_grams_5": 1, "n_grams_6": 1, "bleu": 1, "precision": 1, "recall": 1, "f1": 1, "maximal intersection over union": 1, "maximal intersection over union +-1": 1, "maximal intersection over union +-2": 1, "sentence_precision": 1, "sentence_recall": 1}
Slova s pomlčkou/spojovníkem	preloaded/cstenten23_mj2	[word=".*[-–].*"]	[word=".*-.*"]	{"n_grams_1": 0.9090909090909091, "n_grams_2": 0.8, "n_grams_3": 0.6666666666666666, "n_grams_4": 0.5, "n_grams_5": 0.2857142857142857, "n_grams_6": 0.16666666666666666, "bleu": 0.5850343668259105, "precision": 0.805, "recall": 0.805, "f1": 0.805, "maximal intersection over union": 0.805, "maximal intersection over union +-1": 0.805, "maximal intersection over union +-2": 0.805, "sentence_precision": 0.8458549222797928, "sentence_recall": 0.7876960193003619}
Slova příbuzná k "věřit"	preloaded/cstenten23_mj2	[lemma="věřit"]	[lemma_lc=".*(věr|vír).*"]	{"n_grams_1": 0.3333333333333333, "n_grams_2": 0.14285714285714285, "n_grams_3": 0.0, "n_grams_4": 0.0, "n_grams_5": 0.0, "n_grams_6": 0.0, "bleu": 6.968148412761692e-155, "precision": 0.0, "recall": 0.0, "f1": 0.0, "maximal intersection over union": 0.0, "maximal intersection over union +-1": 0.0002, "maximal intersection over union +-2": 0.00042857142857142855, "sentence_precision": 0.011506276150627616, "sentence_recall": 0.011235955056179775}
Předložky v korpusu	preloaded/cstenten23_mj2	[tag="k7.*"]	[k="k7"]	{"n_grams_1": 0.8571428571428571, "n_grams_2": 0.5, "n_grams_3": 0.2, "n_grams_4": 0.0, "n_grams_5": 0.0, "n_grams_6": 0.0, "bleu": 4.966097853332116e-78, "precision": 1.0, "recall": 1.0, "f1": 1.0, "maximal intersection over union": 1.0, "maximal intersection over union +-1": 1.0, "maximal intersection over union +-2": 1.0, "sentence_precision": 1.0, "sentence_recall": 1.0}
Příslovce	preloaded/cstenten23_mj2	[tag="k6.*"]	[k="k6"]	{"n_grams_1": 0.8571428571428571, "n_grams_2": 0.5, "n_grams_3": 0.2, "n_grams_4": 0.0, "n_grams_5": 0.0, "n_grams_6": 0.0, "bleu": 4.966097853332116e-78, "precision": 1.0, "recall": 1.0, "f1": 1.0, "maximal intersection over union": 1.0, "maximal intersection over union +-1": 1.0, "maximal intersection over union +-2": 1.0, "sentence_precision": 1.0, "sentence_recall": 1.0}
Slovo na pozici 1000	preloaded/cstenten23_mj2	[#1000]	[struct="t.1000"]	{"n_grams_1": 0.2222222222222222, "n_grams_2": 0.0, "n_grams_3": 0.0, "n_grams_4": 0.0, "n_grams_5": 0.0, "n_grams_6": 0.0, "bleu": 1.2508498911928379e-231, "precision": 0, "recall": 0, "f1": 0, "maximal intersection over union": 0, "maximal intersection over union +-1": 0, "maximal intersection over union +-2": 0, "sentence_precision": 0, "sentence_recall": 0}
Slovo na první pozici	preloaded/cstenten23_mj2	[#0]	<p>[:0]	{"n_grams_1": 0.3333333333333333, "n_grams_2": 0.0, "n_grams_3": 0.0, "n_grams_4": 0.0, "n_grams_5": 0.0, "n_grams_6": 0.0, "bleu": 1.384292958842266e-231, "precision": 0, "recall": 0, "f1": 0, "maximal intersection over union": 0, "maximal intersection over union +-1": 0, "maximal intersection over union +-2": 0, "sentence_precision": 0, "sentence_recall": 0}
Slovo na pozici 7831	preloaded/cstenten23_mj2	[#7831]	<doc> []{7830} [word=".*"]	{"n_grams_1": 0.25, "n_grams_2": 0.0, "n_grams_3": 0.0, "n_grams_4": 0.0, "n_grams_5": 0.0, "n_grams_6": 0.0, "bleu": 1.0832677820940877e-231, "precision": 0.0, "recall": 0.0, "f1": 0.0, "maximal intersection over union": 0.0, "maximal intersection over union +-1": 0.0, "maximal intersection over union +-2": 0.0, "sentence_precision": 0.0, "sentence_recall": 0.0}
Dvě sousední se stejným tagem	preloaded/cstenten23_mj2	1:[] 2:[] & 1.tag = 2.tag	[tag=::t] [tag=::t]	{"n_grams_1": 0.8, "n_grams_2": 0.2222222222222222, "n_grams_3": 0.0, "n_grams_4": 0.0, "n_grams_5": 0.0, "n_grams_6": 0.0, "bleu": 5.280418033662713e-155, "precision": 0, "recall": 0, "f1": 0, "maximal intersection over union": 0, "maximal intersection over union +-1": 0, "maximal intersection over union +-2": 0, "sentence_precision": 0, "sentence_recall": 0}
Dva sousední, identické tokeny	preloaded/cstenten23_mj2	1:[] 2:[] & 1.word = 2.word	[word as a] [word = a]	{"n_grams_1": 0.75, "n_grams_2": 0.14285714285714285, "n_grams_3": 0.0, "n_grams_4": 0.0, "n_grams_5": 0.0, "n_grams_6": 0.0, "bleu": 4.031272538807315e-155, "precision": 0, "recall": 0, "f1": 0, "maximal intersection over union": 0, "maximal intersection over union +-1": 0, "maximal intersection over union +-2": 0, "sentence_precision": 0, "sentence_recall": 0}
Dvě slova ve větě se stejným lemmatem	preloaded/cstenten23_mj2	(1:[] 2:[] within <s/>) & 1.lemma = 2.lemma	<s>  [lemma_lc=".*"] as %first  []*  [lemma_lc=%first.lemma_lc] as %second</s>	{"n_grams_1": 0.5384615384615384, "n_grams_2": 0.04, "n_grams_3": 0.0, "n_grams_4": 0.0, "n_grams_5": 0.0, "n_grams_6": 0.0, "bleu": 5.1168714202770895e-155, "precision": 0, "recall": 0, "f1": 0, "maximal intersection over union": 0, "maximal intersection over union +-1": 0, "maximal intersection over union +-2": 0, "sentence_precision": 0, "sentence_recall": 0}
Dvě slova se stejným lemmatem a žádné není číslovka	preloaded/cstenten23_mj2	(1:[tag!="k4.*"] 2:[tag!="k4.*"] within <s/>) & 1.lemma = 2.lemma	[lemma=?lemma & !tag="k4.*"] [lemma=?lemma & !tag="k4.*"]	{"n_grams_1": 0.9333333333333333, "n_grams_2": 0.4827586206896552, "n_grams_3": 0.35714285714285715, "n_grams_4": 0.2962962962962963, "n_grams_5": 0.23076923076923078, "n_grams_6": 0.16, "bleu": 0.3613615886503115, "precision": 0, "recall": 0, "f1": 0, "maximal intersection over union": 0, "maximal intersection over union +-1": 0, "maximal intersection over union +-2": 0, "sentence_precision": 0, "sentence_recall": 0}
Čtyřslovná sekvence: 1.=2. tag, 1.=4. lemma	preloaded/cstenten23_mj2	1:[] 2:[] [] 3:[] & 1.tag = 2.tag & 1.lemma = 3.lemma	[tag:=t & lemma:=l] [tag=t] [] [lemma=l]	{"n_grams_1": 0.7142857142857143, "n_grams_2": 0.3, "n_grams_3": 0.10526315789473684, "n_grams_4": 0.0, "n_grams_5": 0.0, "n_grams_6": 0.0, "bleu": 3.101055808614078e-78, "precision": 0, "recall": 0, "f1": 0, "maximal intersection over union": 0, "maximal intersection over union +-1": 0, "maximal intersection over union +-2": 0, "sentence_precision": 0, "sentence_recall": 0}
Ve větě sloveso následující po podstatném jménu, které má stejné lemma jako sloveso	preloaded/cstenten23_mj2	(1:[tag="k1.*"]2:[tag="k5.*"] within <s/>) & 1.lemma = 2.lemma	[tag="k1.*" & lemma_lc="?a"] [0:50] [tag="k5.*" & lemma_lc="?a"] within <p>	{"n_grams_1": 0.7948717948717948, "n_grams_2": 0.5263157894736842, "n_grams_3": 0.3783783783783784, "n_grams_4": 0.3055555555555556, "n_grams_5": 0.22857142857142856, "n_grams_6": 0.17647058823529413, "bleu": 0.423928054818622, "precision": 0, "recall": 0, "f1": 0, "maximal intersection over union": 0, "maximal intersection over union +-1": 0, "maximal intersection over union +-2": 0, "sentence_precision": 0, "sentence_recall": 0}
Dvě přídavná jména + podstatné jméno s f(1)>100000 a f(2)<5000	preloaded/cstenten23_mj2	1:[tag="k2.*"]2:[tag="k2.*"][tag="k1.*"] & f(1.word)>100000 & f(2.word)<5000	[tag="k2.*"] [tag="k2.*"] [tag="k1.*"]	{"n_grams_1": 1.0, "n_grams_2": 1.0, "n_grams_3": 1.0, "n_grams_4": 1.0, "n_grams_5": 1.0, "n_grams_6": 0.9545454545454546, "bleu": 0.4471889040866203, "precision": 0.092, "recall": 0.092, "f1": 0.092, "maximal intersection over union": 0.092, "maximal intersection over union +-1": 0.09222222222222223, "maximal intersection over union +-2": 0.09312237762237763, "sentence_precision": 0.09857612267250822, "sentence_recall": 0.0910010111223458}
Dvě sousední slova se stejným lemmatem, ale různým zápisem	preloaded/cstenten23_mj2	1:[]2:[] & 1.lemma = 2.lemma & 1.word != 2.word	[k!="Z", lemma] [k!="Z", lemma=%0.lemma, word!=%0.word]	{"n_grams_1": 0.5806451612903226, "n_grams_2": 0.23333333333333334, "n_grams_3": 0.034482758620689655, "n_grams_4": 0.0, "n_grams_5": 0.0, "n_grams_6": 0.0, "bleu": 2.7061022999944656e-78, "precision": 0, "recall": 0, "f1": 0, "maximal intersection over union": 0, "maximal intersection over union +-1": 0, "maximal intersection over union +-2": 0, "sentence_precision": 0, "sentence_recall": 0}
Dvě sousední slova, jedno má frekvenci > 2e7	preloaded/cstenten23_mj2	1:[]2:[] & (f(1.word)>20000000 | f(2.word)>20000000)	( [ lc="a" | lc="v" | lc="na" | lc="se" | lc="že" | lc="z" | lc="k" | lc="o" | lc="u" | lc="i" | lc="s" ] [] ) | ( [] [ lc="a" | lc="v" | lc="na" | lc="se" | lc="že" | lc="z" | lc="k" | lc="o" | lc="u" | lc="i" | lc="s" ] )	{"n_grams_1": 0.23076923076923078, "n_grams_2": 0.014084507042253521, "n_grams_3": 0.0, "n_grams_4": 0.0, "n_grams_5": 0.0, "n_grams_6": 0.0, "bleu": 2.573856004892208e-155, "precision": 0.417, "recall": 0.417, "f1": 0.417, "maximal intersection over union": 0.4236666666666667, "maximal intersection over union +-1": 0.4320952380952381, "maximal intersection over union +-2": 0.4365766233766234, "sentence_precision": 0.38288288288288286, "sentence_recall": 0.8333333333333334}
Slovo "úraz" na doméně ulekare.cz	preloaded/cstenten23_mj2	[word="úraz"] within <doc urldomain=="ulekare.cz"/>	[lemma="úraz"] within <doc urldomain="ulekare.cz">	{"n_grams_1": 0.9411764705882353, "n_grams_2": 0.8125, "n_grams_3": 0.7333333333333333, "n_grams_4": 0.6428571428571429, "n_grams_5": 0.5384615384615384, "n_grams_6": 0.4166666666666667, "bleu": 0.6888649915186149, "precision": 0, "recall": 0.0, "f1": 0.0, "maximal intersection over union": 0, "maximal intersection over union +-1": 0, "maximal intersection over union +-2": 0, "sentence_precision": 0, "sentence_recall": 0.0}
'agrese' v dokumentech s tématem hry	preloaded/cstenten23_mj2	[lemma="agrese"] within <doc topic="games"/>	<doc topic="hry"> [lemma="agrese"] </doc>	{"n_grams_1": 0.8823529411764706, "n_grams_2": 0.5625, "n_grams_3": 0.4666666666666667, "n_grams_4": 0.35714285714285715, "n_grams_5": 0.23076923076923078, "n_grams_6": 0.16666666666666666, "bleu": 0.5174476594166615, "precision": 0, "recall": 0.0, "f1": 0.0, "maximal intersection over union": 0, "maximal intersection over union +-1": 0, "maximal intersection over union +-2": 0, "sentence_precision": 0, "sentence_recall": 0.0}
"agrese" v tématech hry nebo vzdělání	preloaded/cstenten23_mj2	[lemma="agrese"] within <doc topic="education|games"/>	[lemma="agrese"] within <doc (topic="hry" | topic="vzdělání")/>	{"n_grams_1": 0.72, "n_grams_2": 0.4583333333333333, "n_grams_3": 0.30434782608695654, "n_grams_4": 0.2727272727272727, "n_grams_5": 0.23809523809523808, "n_grams_6": 0.2, "bleu": 0.37954187220913477, "precision": 0, "recall": 0.0, "f1": 0.0, "maximal intersection over union": 0, "maximal intersection over union +-1": 0, "maximal intersection over union +-2": 0, "sentence_precision": 0, "sentence_recall": 0.0}
"reklama" na blozích	preloaded/cstenten23_mj2	[lemma="reklama"] within <doc genre=".*blog.*"/>	[lemma="reklama"] within <doc genre="blog"/>	{"n_grams_1": 1.0, "n_grams_2": 0.8666666666666667, "n_grams_3": 0.7857142857142857, "n_grams_4": 0.6923076923076923, "n_grams_5": 0.6666666666666666, "n_grams_6": 0.6363636363636364, "bleu": 0.6453277703697297, "precision": 1.0, "recall": 1.0, "f1": 1.0, "maximal intersection over union": 1.0, "maximal intersection over union +-1": 1.0, "maximal intersection over union +-2": 1.0, "sentence_precision": 1.0, "sentence_recall": 1.0}
"Barack Obama" v dokumentech s titulkem obsahujícím "skandál"	preloaded/cstenten23_mj2	[word="Barack"][word="Obama"] within <doc title=".*skandál.*"/>	within <doc [doc.title=".*[sS]kandál.*"]> { [lc="barack"] [lc="obama"] }	{"n_grams_1": 0.6944444444444444, "n_grams_2": 0.34285714285714286, "n_grams_3": 0.11764705882352941, "n_grams_4": 0.030303030303030304, "n_grams_5": 0.0, "n_grams_6": 0.0, "bleu": 0.1579537050916206, "precision": 0, "recall": 0, "f1": 0, "maximal intersection over union": 0, "maximal intersection over union +-1": 0, "maximal intersection over union +-2": 0, "sentence_precision": 0, "sentence_recall": 0}
Sloveso "hacknout" v dokumentech s žánrem zprávy	preloaded/cstenten23_mj2	[lemma="hacknout" & tag="k5.*"] within <doc genre=".*news.*"/>	<doc genre="zprávy"> []* [lempos="hacknout-v"] </doc>	{"n_grams_1": 0.8, "n_grams_2": 0.2631578947368421, "n_grams_3": 0.1111111111111111, "n_grams_4": 0.058823529411764705, "n_grams_5": 0.0, "n_grams_6": 0.0, "bleu": 0.12014377204522822, "precision": 0, "recall": 0.0, "f1": 0.0, "maximal intersection over union": 0, "maximal intersection over union +-1": 0, "maximal intersection over union +-2": 0, "sentence_precision": 0, "sentence_recall": 0.0}
"zmrzlina" v červnu	preloaded/cstenten23_mj2	[lemma="zmrzlina"] within <doc month=".+-06"/>	[lemma="zmrzlina"] within <doc modified_month="06"/>	{"n_grams_1": 0.875, "n_grams_2": 0.7333333333333333, "n_grams_3": 0.5714285714285714, "n_grams_4": 0.46153846153846156, "n_grams_5": 0.4166666666666667, "n_grams_6": 0.36363636363636365, "bleu": 0.5660216224646276, "precision": 0, "recall": 0, "f1": 0, "maximal intersection over union": 0, "maximal intersection over union +-1": 0, "maximal intersection over union +-2": 0, "sentence_precision": 0, "sentence_recall": 0}
Věty obsahující číslo větší než 100	preloaded/cstenten23_mj2	<s/> containing [word>="101" & word="[0-9]+" & tag="k4.*"]	<s> [tag="k4.*" word~"[0-9]{3,}" word!~"^100$"] </s>	{"n_grams_1": 0.6470588235294118, "n_grams_2": 0.30303030303030304, "n_grams_3": 0.21875, "n_grams_4": 0.16129032258064516, "n_grams_5": 0.1, "n_grams_6": 0.06896551724137931, "bleu": 0.2850661842342887, "precision": 0, "recall": 0, "f1": 0, "maximal intersection over union": 0, "maximal intersection over union +-1": 0, "maximal intersection over union +-2": 0, "sentence_precision": 0, "sentence_recall": 0}
Sloveso a předložka	preloaded/cstenten23_mj2	[tag="k5.*"][tag="k7.*"]	[k="k5"] [k="k7"]	{"n_grams_1": 0.8571428571428571, "n_grams_2": 0.5384615384615384, "n_grams_3": 0.25, "n_grams_4": 0.0, "n_grams_5": 0.0, "n_grams_6": 0.0, "bleu": 5.349201366188092e-78, "precision": 1.0, "recall": 1.0, "f1": 1.0, "maximal intersection over union": 1.0, "maximal intersection over union +-1": 1.0, "maximal intersection over union +-2": 1.0, "sentence_precision": 1.0, "sentence_recall": 1.0}
Spojení "tak/velmi <přídavné jméno>, že"	preloaded/cstenten23_mj2	[word="tak|velmi"][tag="k2.*"][word=","][word="že"]	[lc="tak" | lc="velmi"] [tag="k2.*"] [word=","] [lc="že"]	{"n_grams_1": 0.9166666666666666, "n_grams_2": 0.7428571428571429, "n_grams_3": 0.6470588235294118, "n_grams_4": 0.5757575757575758, "n_grams_5": 0.53125, "n_grams_6": 0.4838709677419355, "bleu": 0.6862281600399219, "precision": 0.983, "recall": 0.983, "f1": 0.983, "maximal intersection over union": 0.983, "maximal intersection over union +-1": 0.983, "maximal intersection over union +-2": 0.983, "sentence_precision": 0.982982982982983, "sentence_recall": 0.982982982982983}
se/si po slovese	preloaded/cstenten23_mj2	[tag="k5.*"][word=="se|si"]	[tag="k5.*"] []{0,3} [lc="se"|lc="si"]	{"n_grams_1": 0.7586206896551724, "n_grams_2": 0.5, "n_grams_3": 0.37037037037037035, "n_grams_4": 0.2692307692307692, "n_grams_5": 0.24, "n_grams_6": 0.20833333333333334, "bleu": 0.4117230572911877, "precision": 0.0, "recall": 0, "f1": 0.0, "maximal intersection over union": 0.0, "maximal intersection over union +-1": 0.0, "maximal intersection over union +-2": 0.0, "sentence_precision": 0.0, "sentence_recall": 0}
"by" po slovese v příčestím minulém	preloaded/cstenten23_mj2	[tag="k5.*mA.*"][word="by"]	[tag="k5.*m[AN]"] []{0,5} [lc="by"]	{"n_grams_1": 0.7037037037037037, "n_grams_2": 0.46153846153846156, "n_grams_3": 0.36, "n_grams_4": 0.25, "n_grams_5": 0.17391304347826086, "n_grams_6": 0.09090909090909091, "bleu": 0.38975749519739833, "precision": 0, "recall": 0.0, "f1": 0.0, "maximal intersection over union": 0, "maximal intersection over union +-1": 0, "maximal intersection over union +-2": 0, "sentence_precision": 0, "sentence_recall": 0.0}
Jednoslovné věty	preloaded/cstenten23_mj2	<s> [tag="kI.*"]? [tag!="kI.*"]? [tag="kI.*"]? </s>	<s> [tag="Z.*"]* [tag!="Z.*"] [tag="Z.*"]* </s>	{"n_grams_1": 0.9166666666666666, "n_grams_2": 0.6857142857142857, "n_grams_3": 0.5, "n_grams_4": 0.30303030303030304, "n_grams_5": 0.125, "n_grams_6": 0.06451612903225806, "bleu": 0.5319255828349967, "precision": 0.006, "recall": 0.006, "f1": 0.006, "maximal intersection over union": 0.006, "maximal intersection over union +-1": 0.006, "maximal intersection over union +-2": 0.006, "sentence_precision": 0.006, "sentence_recall": 0.006309148264984227}
Věty začínající spojkou	preloaded/cstenten23_mj2	<s/> containing <s> [tag="k8.*"]	[s] [0, tag="k8.*"]	{"n_grams_1": 0.8571428571428571, "n_grams_2": 0.5384615384615384, "n_grams_3": 0.5, "n_grams_4": 0.45454545454545453, "n_grams_5": 0.4, "n_grams_6": 0.3333333333333333, "bleu": 0.471358588921289, "precision": 0, "recall": 0, "f1": 0, "maximal intersection over union": 0, "maximal intersection over union +-1": 0, "maximal intersection over union +-2": 0, "sentence_precision": 0, "sentence_recall": 0}
Věty bez slovesa	preloaded/cstenten23_mj2	<s/> !containing [tag="k5.*"]	[s] : count([tag="k5.*"] within s) = 0	{"n_grams_1": 0.631578947368421, "n_grams_2": 0.4444444444444444, "n_grams_3": 0.4117647058823529, "n_grams_4": 0.375, "n_grams_5": 0.3333333333333333, "n_grams_6": 0.2857142857142857, "bleu": 0.42461633178803443, "precision": 0, "recall": 0, "f1": 0, "maximal intersection over union": 0, "maximal intersection over union +-1": 0, "maximal intersection over union +-2": 0, "sentence_precision": 0, "sentence_recall": 0}
Věty končící výpustkou	preloaded/cstenten23_mj2	<s/> containing [word=="..."] </s>	[word="…"|word="..."] >] p	{"n_grams_1": 0.8333333333333334, "n_grams_2": 0.5882352941176471, "n_grams_3": 0.375, "n_grams_4": 0.26666666666666666, "n_grams_5": 0.21428571428571427, "n_grams_6": 0.15384615384615385, "bleu": 0.41180376356915777, "precision": 0, "recall": 0, "f1": 0, "maximal intersection over union": 0, "maximal intersection over union +-1": 0, "maximal intersection over union +-2": 0, "sentence_precision": 0, "sentence_recall": 0}
Sekvence tří tokenů: přídavné jméno + podstatné jméno + sloveso	preloaded/cstenten23_mj2	[tag="k2.*"][tag="k1.*"][tag="k5.*"]	[tag="k2.*"] [tag="k1.*"] [tag="k5.*"]	{"n_grams_1": 1.0, "n_grams_2": 1.0, "n_grams_3": 1.0, "n_grams_4": 1.0, "n_grams_5": 1.0, "n_grams_6": 1.0, "bleu": 1.0, "precision": 1.0, "recall": 1.0, "f1": 1.0, "maximal intersection over union": 1.0, "maximal intersection over union +-1": 1.0, "maximal intersection over union +-2": 1.0, "sentence_precision": 1.0, "sentence_recall": 1.0}
Dvě adjektiva za sebou	preloaded/cstenten23_mj2	[tag="k2.*"][tag="k2.*"]	[tag="k2.*"] [tag="k2.*"]	{"n_grams_1": 1.0, "n_grams_2": 1.0, "n_grams_3": 1.0, "n_grams_4": 1.0, "n_grams_5": 1.0, "n_grams_6": 1.0, "bleu": 1.0, "precision": 1.0, "recall": 1.0, "f1": 1.0, "maximal intersection over union": 1.0, "maximal intersection over union +-1": 1.0, "maximal intersection over union +-2": 1.0, "sentence_precision": 1.0, "sentence_recall": 1.0}
Dvě stejná adjektiva za sebou uvnitř jedné věty	preloaded/cstenten23_mj2	(1:[tag="k2.*"] 2:[tag="k2.*"] within <s/>) & 1.word = 2.word	[tag="k2.*"] [tag="k2.*" & lemma="%1"] within <s>	{"n_grams_1": 0.8928571428571429, "n_grams_2": 0.7037037037037037, "n_grams_3": 0.5769230769230769, "n_grams_4": 0.48, "n_grams_5": 0.375, "n_grams_6": 0.30434782608695654, "bleu": 0.5036702741937836, "precision": 0, "recall": 0.0, "f1": 0.0, "maximal intersection over union": 0, "maximal intersection over union +-1": 0, "maximal intersection over union +-2": 0, "sentence_precision": 0, "sentence_recall": 0.0}
Sloveso následované zájmenem	preloaded/cstenten23_mj2	[tag="k5.*"][tag="k3.*"]	[tag="k5.*"] [tag="k3.*"]	{"n_grams_1": 1.0, "n_grams_2": 1.0, "n_grams_3": 1.0, "n_grams_4": 1.0, "n_grams_5": 1.0, "n_grams_6": 1.0, "bleu": 1.0, "precision": 1.0, "recall": 1.0, "f1": 1.0, "maximal intersection over union": 1.0, "maximal intersection over union +-1": 1.0, "maximal intersection over union +-2": 1.0, "sentence_precision": 1.0, "sentence_recall": 1.0}
První token věty	preloaded/cstenten23_mj2	<s> []	<s> []	{"n_grams_1": 1, "n_grams_2": 1, "n_grams_3": 1, "n_grams_4": 1, "n_grams_5": 1, "n_grams_6": 1, "bleu": 1, "precision": 1, "recall": 1, "f1": 1, "maximal intersection over union": 1, "maximal intersection over union +-1": 1, "maximal intersection over union +-2": 1, "sentence_precision": 1, "sentence_recall": 1}
Jednoslovná otázka	preloaded/cstenten23_mj2	<s> [tag!="kI.*"] [word=="?"] </s>	<p> [tag!="kZ.*"] [word="?"] </p>	{"n_grams_1": 0.8695652173913043, "n_grams_2": 0.7272727272727273, "n_grams_3": 0.6190476190476191, "n_grams_4": 0.5, "n_grams_5": 0.3684210526315789, "n_grams_6": 0.2222222222222222, "bleu": 0.636855658754492, "precision": 0, "recall": 0, "f1": 0, "maximal intersection over union": 0, "maximal intersection over union +-1": 0, "maximal intersection over union +-2": 0, "sentence_precision": 0, "sentence_recall": 0}
Najdi přirovnání začínající „jako“ (např. „rychlý jako blesk“).	preloaded/ententen21_tt31	[tag="J.*"] [lemma="like"] [tag="DT"]? [tag="N.*"] within <s/>	(  [word="like" & tag="IN"]  [tag="DT"]?  [tag="JJ|JJR|JJS"]{0,2}  [tag="NN|NNS|NP|NPS|NNZ|NNSZ|NPZ|NPSZ"])|(  [word="as" & tag="RB"]  [tag="JJ|JJR|JJS"]  [word="as" & tag="IN"]  [tag="DT"]?  [tag="JJ|JJR|JJS"]{0,2}  [tag="NN|NNS|NP|NPS|NNZ|NNSZ|NPZ|NPSZ"])	{"n_grams_1": 0.5103448275862069, "n_grams_2": 0.375, "n_grams_3": 0.26573426573426573, "n_grams_4": 0.19718309859154928, "n_grams_5": 0.15602836879432624, "n_grams_6": 0.1357142857142857, "bleu": 0.13140393071786433, "precision": 0.0, "recall": 0.0, "f1": 0.0, "maximal intersection over union": 0.005666666666666666, "maximal intersection over union +-1": 0.006533333333333333, "maximal intersection over union +-2": 0.006928571428571429, "sentence_precision": 0.008290155440414507, "sentence_recall": 0.008221993833504625}
"neboť" uvnitř věty	preloaded/cstenten23_mj2	[lemma="neboť"] within <s/>	<s> []+ [lc="neboť"] []+ </s>	{"n_grams_1": 0.7368421052631579, "n_grams_2": 0.2222222222222222, "n_grams_3": 0.17647058823529413, "n_grams_4": 0.125, "n_grams_5": 0.06666666666666667, "n_grams_6": 0.0, "bleu": 0.21314568971111159, "precision": 0.0, "recall": 0.0, "f1": 0.0, "maximal intersection over union": 0.013225360062065332, "maximal intersection over union +-1": 0.038428759275916664, "maximal intersection over union +-2": 0.06206468886991009, "sentence_precision": 0.193717277486911, "sentence_recall": 0.03722334004024145}
"který" následovaný čárkou	preloaded/cstenten23_mj2	[lemma="který"][word=","]	[lc="který"] [word=","]	{"n_grams_1": 0.9285714285714286, "n_grams_2": 0.8461538461538461, "n_grams_3": 0.8333333333333334, "n_grams_4": 0.8181818181818182, "n_grams_5": 0.8, "n_grams_6": 0.7777777777777778, "bleu": 0.855526185871245, "precision": 0.275, "recall": 0.275, "f1": 0.275, "maximal intersection over union": 0.275, "maximal intersection over union +-1": 0.275, "maximal intersection over union +-2": 0.275, "sentence_precision": 0.275, "sentence_recall": 0.2761044176706827}
Word Sketch: modifikátory „škola-n“	preloaded/cstenten23_mj2	[ws("škola-n","modifiers of \\\"%w\\\"",".*")]	<s> [lempos="škola-n"] >amod [] </s>	{"n_grams_1": 0.4117647058823529, "n_grams_2": 0.125, "n_grams_3": 0.06666666666666667, "n_grams_4": 0.0, "n_grams_5": 0.0, "n_grams_6": 0.0, "bleu": 2.277880120233999e-78, "precision": 0, "recall": 0, "f1": 0, "maximal intersection over union": 0, "maximal intersection over union +-1": 0, "maximal intersection over union +-2": 0, "sentence_precision": 0, "sentence_recall": 0}
Word Sketch: objekty „schválit-v“	preloaded/cstenten23_mj2	[ws("schválit-v",".*objects of \\\"%w\\\"",".*")]	[lemma="schválit" & tag="k5.*"] []{0,5} [tag="k[134].*c4.*"]	{"n_grams_1": 0.5675675675675675, "n_grams_2": 0.1388888888888889, "n_grams_3": 0.05714285714285714, "n_grams_4": 0.0, "n_grams_5": 0.0, "n_grams_6": 0.0, "bleu": 2.0771085446972209e-78, "precision": 0.0, "recall": 0.0, "f1": 0.0, "maximal intersection over union": 0.2536333333333333, "maximal intersection over union +-1": 0.43041309523809523, "maximal intersection over union +-2": 0.5077728937728938, "sentence_precision": 0.7039473684210527, "sentence_recall": 0.6430288461538461}
Word Sketch: subjekty „růst-v“	preloaded/cstenten23_mj2	[ws("růst-v",".*subjects of \\\"%w\\\"",".*")]	([tag="k1.*c1"] []{0,5} [lempos="růst-v" & tag~".*(mI|mN).*"]) | ([lempos="růst-v" & tag~".*(mI|mN).*"] []{0,5} [tag="k1.*c1"])	{"n_grams_1": 0.5925925925925926, "n_grams_2": 0.175, "n_grams_3": 0.0759493670886076, "n_grams_4": 0.0, "n_grams_5": 0.0, "n_grams_6": 0.0, "bleu": 2.1928730572987183e-78, "precision": 0, "recall": 0, "f1": 0, "maximal intersection over union": 0, "maximal intersection over union +-1": 0, "maximal intersection over union +-2": 0, "sentence_precision": 0, "sentence_recall": 0}
Word Sketch: „rozhodnutí-n“ jako objekt „učinit-v“	preloaded/cstenten23_mj2	[ws("rozhodnutí-n",".*object.*","učinit-v")]	(  [lempos_lc="učinit-v"] []{0,7} [lempos_lc="rozhodnutí-n" & tag="k1.*c4.*"]) | (  [lempos_lc="rozhodnutí-n" & tag="k1.*c4.*"] []{0,7} [lempos_lc="učinit-v"])	{"n_grams_1": 0.6086956521739131, "n_grams_2": 0.20588235294117646, "n_grams_3": 0.08955223880597014, "n_grams_4": 0.0, "n_grams_5": 0.0, "n_grams_6": 0.0, "bleu": 2.2743162597910045e-78, "precision": 0.0, "recall": 0.0, "f1": 0.0, "maximal intersection over union": 0.22910317460317461, "maximal intersection over union +-1": 0.39007039349539346, "maximal intersection over union +-2": 0.4572634948384949, "sentence_precision": 0.6211812627291242, "sentence_recall": 0.6112224448897795}
Word Sketch: „test-n“ modifikovaný „krev-n“	preloaded/cstenten23_mj2	[ws("test-n",".*modifiers of \\\"%w\\\"","krev-n")]	( [lempos_lc="krevní-j"] []{0,2} [lempos_lc="test-n"] ) | ( [lempos_lc="test-n"] []{0,3} [lempos_lc="krev-n" & c="c2"] )	{"n_grams_1": 0.5849056603773585, "n_grams_2": 0.11538461538461539, "n_grams_3": 0.058823529411764705, "n_grams_4": 0.0, "n_grams_5": 0.0, "n_grams_6": 0.0, "bleu": 2.1216622682307067e-78, "precision": 0.0, "recall": 0, "f1": 0.0, "maximal intersection over union": 0.0, "maximal intersection over union +-1": 0.0, "maximal intersection over union +-2": 0.0, "sentence_precision": 0.0, "sentence_recall": 0}
Word Sketch: relace „klima-n“ obsahující „změna“	preloaded/cstenten23_mj2	[ws("klima-n",".*",".*změna.*")]	gr as rel[lempos="klima-n"] within rel[lempos="změna-n"] within rel	{"n_grams_1": 0.47368421052631576, "n_grams_2": 0.1111111111111111, "n_grams_3": 0.058823529411764705, "n_grams_4": 0.0, "n_grams_5": 0.0, "n_grams_6": 0.0, "bleu": 2.435197287222007e-78, "precision": 0, "recall": 0, "f1": 0, "maximal intersection over union": 0, "maximal intersection over union +-1": 0, "maximal intersection over union +-2": 0, "sentence_precision": 0, "sentence_recall": 0}
Word Sketch: předložkové vzory (o/v/na)	preloaded/cstenten23_mj2	[ws("test-n","\\.\\.\\. (o|v|na) \\\"%w\\\"",".*") | ws("test-n","\\\"%w\\\" (o|v|na) \\.\\.\\.",".*")]	[lempos="o-p"] | [lempos="v-p"] | [lempos="na-p"]	{"n_grams_1": 0.6086956521739131, "n_grams_2": 0.0, "n_grams_3": 0.0, "n_grams_4": 0.0, "n_grams_5": 0.0, "n_grams_6": 0.0, "bleu": 2.3824120435804733e-232, "precision": 0.0, "recall": 0.0, "f1": 0.0, "maximal intersection over union": 0.0, "maximal intersection over union +-1": 0.0, "maximal intersection over union +-2": 0.0, "sentence_precision": 0.0, "sentence_recall": 0.0}
Word Sketch: slovesa s %w jako subjektem	preloaded/cstenten23_mj2	[ws(".*","verbs with \\\"%w\\\" as subject",".*-v")]	[tag="k5.*"] [tag=".*c1.*" & lemma="%w"]	{"n_grams_1": 0.6153846153846154, "n_grams_2": 0.24, "n_grams_3": 0.125, "n_grams_4": 0.0, "n_grams_5": 0.0, "n_grams_6": 0.0, "bleu": 3.4207612705322833e-78, "precision": 0, "recall": 0.0, "f1": 0.0, "maximal intersection over union": 0, "maximal intersection over union +-1": 0, "maximal intersection over union +-2": 0, "sentence_precision": 0, "sentence_recall": 0.0}
Word Sketch u „vládní“ v okolí 1 tokenu	preloaded/cstenten23_mj2	[word=="vládní"][]{0,1}[ws("politika-n",".*",".*")]	ws [lemma="vládní"] window 1	{"n_grams_1": 0.7777777777777778, "n_grams_2": 0.5, "n_grams_3": 0.42857142857142855, "n_grams_4": 0.3333333333333333, "n_grams_5": 0.2, "n_grams_6": 0.0, "bleu": 0.03373364383849731, "precision": 0, "recall": 0, "f1": 0, "maximal intersection over union": 0, "maximal intersection over union +-1": 0, "maximal intersection over union +-2": 0, "sentence_precision": 0, "sentence_recall": 0}
Tezaurus: kovy kolem 'koroze' (+-4)	preloaded/cstenten23_mj2	(meet ~"železo-n" [lemma="koroze"] -4 4)	[lemma="kov"] %c [lemma="koroze"] :4	{"n_grams_1": 0.8125, "n_grams_2": 0.6666666666666666, "n_grams_3": 0.5, "n_grams_4": 0.38461538461538464, "n_grams_5": 0.25, "n_grams_6": 0.18181818181818182, "bleu": 0.39653842879131873, "precision": 0, "recall": 0, "f1": 0, "maximal intersection over union": 0, "maximal intersection over union +-1": 0, "maximal intersection over union +-2": 0, "sentence_precision": 0, "sentence_recall": 0}
„auto“ v češtině, anglicky „car“ v paralelním segmentu	preloaded/europarl7_cs	[word="auto"] within europarl7_en: [word="car"]	[lc="auto"] :: speaker[language="cs"] aligned to [lc="car"] :: speaker[language="en"] by s	{"n_grams_1": 0.6875, "n_grams_2": 0.3870967741935484, "n_grams_3": 0.2, "n_grams_4": 0.13793103448275862, "n_grams_5": 0.07142857142857142, "n_grams_6": 0.0, "bleu": 0.22730704046382338, "precision": 0, "recall": 0, "f1": 0, "maximal intersection over union": 0, "maximal intersection over union +-1": 0, "maximal intersection over union +-2": 0, "sentence_precision": 0, "sentence_recall": 0}
„dům“ v češtině, německy „Haus“ v paralelním segmentu	preloaded/europarl7_cs	[word="dům"] within europarl7_de_1: [word="Haus"]	[align="cs" & lemma="dům"] : [align="de" & word="Haus"]	{"n_grams_1": 0.7037037037037037, "n_grams_2": 0.4230769230769231, "n_grams_3": 0.28, "n_grams_4": 0.20833333333333334, "n_grams_5": 0.13043478260869565, "n_grams_6": 0.045454545454545456, "bleu": 0.3140084866979345, "precision": 0, "recall": 0, "f1": 0, "maximal intersection over union": 0, "maximal intersection over union +-1": 0, "maximal intersection over union +-2": 0, "sentence_precision": 0, "sentence_recall": 0}
Jsou slova "awfully", "horribly" a "terribly" často předcházející slovu "beautiful"?	preloaded/ententen21_tt31	[word="awfully|horribly|terribly"][word="beautiful"]	[(lc="awfully"|lc="horribly"|lc="terribly") & tag="RB"] [(lc="beautiful") & tag="JJ"]	{"n_grams_1": 0.6666666666666666, "n_grams_2": 0.3170731707317073, "n_grams_3": 0.1, "n_grams_4": 0.02564102564102564, "n_grams_5": 0.0, "n_grams_6": 0.0, "bleu": 0.12100858552701568, "precision": 0.9207650273224044, "recall": 1.0, "f1": 0.9587482219061166, "maximal intersection over union": 0.9207650273224044, "maximal intersection over union +-1": 0.9207650273224044, "maximal intersection over union +-2": 0.9207650273224044, "sentence_precision": 0.9207650273224044, "sentence_recall": 1.0}
Nalezni všechna slova ohraničená kulatými závorkami.	preloaded/ententen21_tt31	[word=="("][word!==")"]+[word==")"]	[word="("] [word!=")"]+ [word=")"]	{"n_grams_1": 1.0, "n_grams_2": 1.0, "n_grams_3": 0.8571428571428571, "n_grams_4": 0.7, "n_grams_5": 0.5789473684210527, "n_grams_6": 0.4444444444444444, "bleu": 0.7724861582063948, "precision": 0, "recall": 0, "f1": 0, "maximal intersection over union": 0, "maximal intersection over union +-1": 0, "maximal intersection over union +-2": 0, "sentence_precision": 0, "sentence_recall": 0}
Nalezni všechna slova ohraničená závorkami.	preloaded/ententen21_tt31	[word="\(|\[|\{"][word!="\)|\]|\}"]+[word="\)|\]|\}"]	( [word="("] | [word="["] | [word="{"] ) <[word]> ( [word=")"] | [word="]"] | [word="}"] )	{"n_grams_1": 0.9636363636363636, "n_grams_2": 0.5925925925925926, "n_grams_3": 0.2641509433962264, "n_grams_4": 0.11538461538461539, "n_grams_5": 0.0, "n_grams_6": 0.0, "bleu": 0.1602653086664054, "precision": 0, "recall": 0, "f1": 0, "maximal intersection over union": 0, "maximal intersection over union +-1": 0, "maximal intersection over union +-2": 0, "sentence_precision": 0, "sentence_recall": 0}
Prosím všechna slova, která jsou v závorkách.	preloaded/ententen21_tt31	[word="\(|\[|\{"][word!="\)|\]|\}"]+[word="\)|\]|\}"]	[ within g [type="parenthesis"] & tag != "(" & tag != ")" ]	{"n_grams_1": 0.68, "n_grams_2": 0.2916666666666667, "n_grams_3": 0.08695652173913043, "n_grams_4": 0.0, "n_grams_5": 0.0, "n_grams_6": 0.0, "bleu": 1.6495684373003308e-78, "precision": 0, "recall": 0, "f1": 0, "maximal intersection over union": 0, "maximal intersection over union +-1": 0, "maximal intersection over union +-2": 0, "sentence_precision": 0, "sentence_recall": 0}
Všechna slova já v okolí +-4 slova být.	preloaded/ententen21_tt31	(meet [word="I"] [lemma="be"] -4 4)	( [ word="I" ] []{0,4} [ lemma="be" ] ) | ( [ lemma="be" ] []{0,4} [ word="I" ] )	{"n_grams_1": 0.7659574468085106, "n_grams_2": 0.5652173913043478, "n_grams_3": 0.4888888888888889, "n_grams_4": 0.38636363636363635, "n_grams_5": 0.3023255813953488, "n_grams_6": 0.21428571428571427, "bleu": 0.26335672473858446, "precision": 0.0, "recall": 0.0, "f1": 0.0, "maximal intersection over union": 0.32048333333333334, "maximal intersection over union +-1": 0.5425182539682539, "maximal intersection over union +-2": 0.6389283633033633, "sentence_precision": 0.8122448979591836, "sentence_recall": 0.6925754060324826}
Najdi všechny příklady přítomného prostého času.	preloaded/ententen21_tt31	[tag="VBZ|VBP|VV"] within [tag!="V.*"][tag="VBZ|VBP|VV"][tag!="V.*"]	[tag="VBP"|tag="VBZ"|tag="VHP"|tag="VHZ"]	{"n_grams_1": 0.92, "n_grams_2": 0.4583333333333333, "n_grams_3": 0.2608695652173913, "n_grams_4": 0.09090909090909091, "n_grams_5": 0.0, "n_grams_6": 0.0, "bleu": 0.13228104415351563, "precision": 0.337, "recall": 0.337, "f1": 0.337, "maximal intersection over union": 0.337, "maximal intersection over union +-1": 0.3374, "maximal intersection over union +-2": 0.3443571428571428, "sentence_precision": 0.4449760765550239, "sentence_recall": 0.5830721003134797}
Najdi všechny přklady minulého prostého času.	preloaded/ententen21_tt31	[tag="VBD|VHD|VVD"] within [tag!="V.*"][tag="VBD|VHD|VVD"][lemma="not"]?[tag!="V.*"]	[tag="VVD"|tag="VBD"|tag="VHD"] within <s>	{"n_grams_1": 0.8695652173913043, "n_grams_2": 0.5, "n_grams_3": 0.2857142857142857, "n_grams_4": 0.1, "n_grams_5": 0.0, "n_grams_6": 0.0, "bleu": 0.09219369500943063, "precision": 0, "recall": 0.0, "f1": 0.0, "maximal intersection over union": 0, "maximal intersection over union +-1": 0, "maximal intersection over union +-2": 0, "sentence_precision": 0, "sentence_recall": 0.0}
Najdi všechny příklady budoucího prostého času.	preloaded/ententen21_tt31	[word="will" & tag="MD"][lemma="not"]?[tag!="V.*"]{0,2}[tag="VB|VH|VV"]	[tag="MD" & lemma="will|shall"][] {0,3}[tag="VV"]within <s/>	{"n_grams_1": 0.8181818181818182, "n_grams_2": 0.625, "n_grams_3": 0.41935483870967744, "n_grams_4": 0.2, "n_grams_5": 0.06896551724137931, "n_grams_6": 0.0, "bleu": 0.278838920044522, "precision": 0.597, "recall": 0.597, "f1": 0.597, "maximal intersection over union": 0.6267, "maximal intersection over union +-1": 0.6376380952380952, "maximal intersection over union +-2": 0.6434880952380951, "sentence_precision": 0.6629588431590656, "sentence_recall": 0.6471226927252985}
Najdi všechny příklady přítomného průběhového času.	preloaded/ententen21_tt31	[tag="VBP|VBZ"][lemma="not"]?[tag!="V.*"]{0,2}[tag="VVG"]	[tag="VBP|VBZ"] [tag="RB|RBR|RBS"]{0,3} [tag="VVG|VBG|VHG"]	{"n_grams_1": 0.8333333333333334, "n_grams_2": 0.6285714285714286, "n_grams_3": 0.5, "n_grams_4": 0.3939393939393939, "n_grams_5": 0.28125, "n_grams_6": 0.1935483870967742, "bleu": 0.47242647709785973, "precision": 0.642, "recall": 0.642, "f1": 0.642, "maximal intersection over union": 0.642, "maximal intersection over union +-1": 0.642, "maximal intersection over union +-2": 0.642, "sentence_precision": 0.6415882967607106, "sentence_recall": 0.6409185803757829}
Najdi všechny příklady minulého průběhového času.	preloaded/ententen21_tt31	[tag="VBD"][lemma="not"]?[tag!="V.*"]{0,2}[tag="VVG|VHG|VBG"]	[lemma="be" & tag="VBD"] [tag!="V.*"]{0,3} [tag="VVG"]	{"n_grams_1": 0.9142857142857143, "n_grams_2": 0.7941176470588235, "n_grams_3": 0.6666666666666666, "n_grams_4": 0.5625, "n_grams_5": 0.45161290322580644, "n_grams_6": 0.36666666666666664, "bleu": 0.6085538713972748, "precision": 0.912, "recall": 0.912, "f1": 0.912, "maximal intersection over union": 0.912, "maximal intersection over union +-1": 0.912, "maximal intersection over union +-2": 0.9121333333333334, "sentence_precision": 0.9103232533889468, "sentence_recall": 0.9150943396226415}
Najdi všechny příklady budoucího průběhového času.	preloaded/ententen21_tt31	[lemma="will"][lemma="not"]?[word="be"][tag="VVG|VBG|VHG"]	<s>  [tag="MD" & (lemma="will" | lemma="shall")]  ( [tag="RB" | tag="RBR" | tag="RBS"] ){0,3}  [tag="VB" & lemma="be"]  ( [tag="RB" | tag="RBR" | tag="RBS"] ){0,3}  [tag="VVG"]</s>	{"n_grams_1": 0.6666666666666666, "n_grams_2": 0.3877551020408163, "n_grams_3": 0.23711340206185566, "n_grams_4": 0.10416666666666667, "n_grams_5": 0.031578947368421054, "n_grams_6": 0.0, "bleu": 0.1333409335448104, "precision": 0.0, "recall": 0.0, "f1": 0.0, "maximal intersection over union": 0.0, "maximal intersection over union +-1": 0.0, "maximal intersection over union +-2": 0.0, "sentence_precision": 0.0, "sentence_recall": 0.0}
Najdi všechny příklady předpřítomného prostého času.	preloaded/ententen21_tt31	[tag="VH|VHZ"][lemma="not"]?[tag!="V.*"]{0,2}[tag="VVN|VBN|VHN"] within [tag!="V.*"][tag="VH|VHZ"][lemma="not"]?[tag!="V.*"]{0,2}[tag="VVN|VBN|VHN"][tag!="V.*"]	[tag="VH[PZ]"] []{0,6} [tag="VVN"] within s	{"n_grams_1": 0.8846153846153846, "n_grams_2": 0.64, "n_grams_3": 0.4583333333333333, "n_grams_4": 0.2608695652173913, "n_grams_5": 0.13636363636363635, "n_grams_6": 0.047619047619047616, "bleu": 0.022627703662795824, "precision": 0, "recall": 0, "f1": 0, "maximal intersection over union": 0, "maximal intersection over union +-1": 0, "maximal intersection over union +-2": 0, "sentence_precision": 0, "sentence_recall": 0}
Najdi všechny příklady předminulého prostého času.	preloaded/ententen21_tt31	[tag="VHD"][lemma="not"]?[tag="VBN"][tag="VVN"]	[tag="VHD"] [tag="RB"]* [tag="VBN"|tag="VVN"|tag="VHN"]	{"n_grams_1": 0.8529411764705882, "n_grams_2": 0.696969696969697, "n_grams_3": 0.53125, "n_grams_4": 0.41935483870967744, "n_grams_5": 0.3, "n_grams_6": 0.1724137931034483, "bleu": 0.538508831289452, "precision": 0.0, "recall": 0.0, "f1": 0.0, "maximal intersection over union": 0.12891666666666665, "maximal intersection over union +-1": 0.1545, "maximal intersection over union +-2": 0.16548214285714286, "sentence_precision": 0.19872476089266738, "sentence_recall": 0.19140225179119755}
Najdi všechny příklady předbudoucího prostého času.	preloaded/ententen21_tt31	[word="will" & tag="MD"][lemma="not"]?[word="have"][tag="VBN|VHN|VVN"]	[tag="MD" & (lc="will" | lc="'ll" | lc="’ll")][tag="RB|RBR|RBS"]{0,2}[lemma="have" & tag="VH"][tag="RB|RBR|RBS"]{0,2}[tag="VVN|VBN|VHN"]	{"n_grams_1": 0.7023809523809523, "n_grams_2": 0.4457831325301205, "n_grams_3": 0.2804878048780488, "n_grams_4": 0.1728395061728395, "n_grams_5": 0.0625, "n_grams_6": 0.012658227848101266, "bleu": 0.23679704653380865, "precision": 0.828, "recall": 0.828, "f1": 0.828, "maximal intersection over union": 0.828, "maximal intersection over union +-1": 0.828, "maximal intersection over union +-2": 0.828, "sentence_precision": 0.8280773143438453, "sentence_recall": 0.8263959390862944}
Najdi všechny příklady předpřítomného průběhového času.	preloaded/ententen21_tt31	[tag="VH|VHZ|VHP"][lemma="not"]?[tag="VBN"][tag="VVG"]	[lemma="have" & (tag="VHZ"|tag="VHP")] [tag="RB"|tag="RBR"|tag="RBS"]{0,2} [lemma="be" & tag="VBN"] [tag="RB"|tag="RBR"|tag="RBS"]{0,2} [tag="VVG"]	{"n_grams_1": 0.7528089887640449, "n_grams_2": 0.45454545454545453, "n_grams_3": 0.2988505747126437, "n_grams_4": 0.1744186046511628, "n_grams_5": 0.11764705882352941, "n_grams_6": 0.08333333333333333, "bleu": 0.22246183271351533, "precision": 0.94, "recall": 0.94, "f1": 0.94, "maximal intersection over union": 0.94, "maximal intersection over union +-1": 0.94, "maximal intersection over union +-2": 0.94, "sentence_precision": 0.9393939393939394, "sentence_recall": 0.9393939393939394}
Najdi všechny příklady předminulého průběhového času.	preloaded/ententen21_tt31	[tag="VHD"][lemma="not"]?[tag="VBN"][tag="VVG"]	<s>  [lemma="have" & tag="VHD"]  []{0,5}  [lemma="be" & tag="VBN"]  []{0,5}  [tag="VVG"|tag="VBG"|tag="VHG"]</s>	{"n_grams_1": 0.6307692307692307, "n_grams_2": 0.4375, "n_grams_3": 0.31746031746031744, "n_grams_4": 0.20967741935483872, "n_grams_5": 0.13114754098360656, "n_grams_6": 0.08333333333333333, "bleu": 0.2860979062397348, "precision": 0.0, "recall": 0.0, "f1": 0.0, "maximal intersection over union": 0.0, "maximal intersection over union +-1": 0.0, "maximal intersection over union +-2": 0.0, "sentence_precision": 0.0, "sentence_recall": 0.0}
Najdi všechny příklady předbudoucího průběhového času.	preloaded/ententen21_tt31	[word="will" & tag="MD"][lemma="not"]?[tag="VH|VHP"][tag="VBN"][tag="VVG"]	[ (lemma="will"|lemma="shall") & tag="MD" ][]{0,3}[ lemma="have" & tag="VH" ][]{0,3}[ lemma="be" & word="been" & tag="VBN" ][]{0,3}[ tag="VVG" ]	{"n_grams_1": 0.7407407407407407, "n_grams_2": 0.5375, "n_grams_3": 0.4050632911392405, "n_grams_4": 0.2692307692307692, "n_grams_5": 0.15584415584415584, "n_grams_6": 0.09210526315789473, "bleu": 0.3437609305584715, "precision": 0.342, "recall": 0.342, "f1": 0.342, "maximal intersection over union": 0.34757142857142853, "maximal intersection over union +-1": 0.34836111111111107, "maximal intersection over union +-2": 0.3488545454545455, "sentence_precision": 0.349124613800206, "sentence_recall": 0.34277047522750254}
Věty, kde mluvčí je Andrej Babiš.	preloaded/parlatalk_cz	< s/> within <speaker name=".*Andrej Babiš.*"/>	<s/> within <speaker name="Andrej Babiš"/>	{"n_grams_1": 1.0, "n_grams_2": 0.8181818181818182, "n_grams_3": 0.7, "n_grams_4": 0.5555555555555556, "n_grams_5": 0.5, "n_grams_6": 0.42857142857142855, "bleu": 0.538150827601473, "precision": 0, "recall": 0.0, "f1": 0.0, "maximal intersection over union": 0, "maximal intersection over union +-1": 0, "maximal intersection over union +-2": 0, "sentence_precision": 0, "sentence_recall": 0.0}
Najdi větu s právě tolika slovy, kolik je odpovědí na otázku života, vesmíru a vůbec.	preloaded/ententen21_tt31	<s> [ ]{42} </s> within <s/>	<s> [ ]{42} </s>	{"n_grams_1": 1.0, "n_grams_2": 1.0, "n_grams_3": 1.0, "n_grams_4": 1.0, "n_grams_5": 1.0, "n_grams_6": 1.0, "bleu": 0.6951439283988788, "precision": 0.137, "recall": 0.137, "f1": 0.137, "maximal intersection over union": 0.137, "maximal intersection over union +-1": 0.13725581395348838, "maximal intersection over union +-2": 0.1375, "sentence_precision": 0.137, "sentence_recall": 0.137}
Potřebuji všechna frázová slovesa.	preloaded/ententen21_tt31	[tag="V.*"][tag="DT|N.*|J.*"]+[tag="RP"][tag!="IN"]	[tag="VV.*"] ( [tag="PP"] )? [tag="RP"]	{"n_grams_1": 0.8076923076923077, "n_grams_2": 0.64, "n_grams_3": 0.4583333333333333, "n_grams_4": 0.30434782608695654, "n_grams_5": 0.13636363636363635, "n_grams_6": 0.09523809523809523, "bleu": 0.30244298600276054, "precision": 0.0, "recall": 0.0, "f1": 0.0, "maximal intersection over union": 0.0, "maximal intersection over union +-1": 0.0, "maximal intersection over union +-2": 0.0, "sentence_precision": 0.0, "sentence_recall": 0.0}
I need examples of prepositional verbs.	preloaded/ententen21_tt31	[tag="V.*"][tag="IN"]	[lempos_lc=".*-v"] [tag="IN"]	{"n_grams_1": 0.875, "n_grams_2": 0.6666666666666666, "n_grams_3": 0.5, "n_grams_4": 0.46153846153846156, "n_grams_5": 0.4166666666666667, "n_grams_6": 0.36363636363636365, "bleu": 0.6057224552983581, "precision": 1.0, "recall": 1.0, "f1": 1.0, "maximal intersection over union": 1.0, "maximal intersection over union +-1": 1.0, "maximal intersection over union +-2": 1.0, "sentence_precision": 1.0, "sentence_recall": 1.0}
How do I find adverbial phrases?	preloaded/ententen21_tt31	[tag="IN"][tag="DT"]?[tag="J.*"]*[tag="N.*"]	[ tag="RB|RBR|RBS" ]+ | [ tag="IN" ] []{0,4} [ tag="NN|NNS|NP|NPS|CD|CDZ|NNZ|NNSZ|NPZ|NPSZ" ]	{"n_grams_1": 0.40384615384615385, "n_grams_2": 0.29411764705882354, "n_grams_3": 0.2, "n_grams_4": 0.14285714285714285, "n_grams_5": 0.08333333333333333, "n_grams_6": 0.06382978723404255, "bleu": 0.24136108386305014, "precision": 0.328, "recall": 0.328, "f1": 0.328, "maximal intersection over union": 0.5425666666666668, "maximal intersection over union +-1": 0.6135284382284382, "maximal intersection over union +-2": 0.6609240329115329, "sentence_precision": 0.8241206030150754, "sentence_recall": 0.3542116630669546}
Potřebuji najít příslovečná určení. Nejen však příslovce.	preloaded/cstenten23_mj2	([tag="k6.*"] | [tag="k7.*"] [tag="k1.*|k2.*|k3.*"]+) within <s/>	[tag="k6.*"] | [tag="k1.*c[67]"]	{"n_grams_1": 0.9130434782608695, "n_grams_2": 0.7727272727272727, "n_grams_3": 0.7142857142857143, "n_grams_4": 0.7, "n_grams_5": 0.6842105263157895, "n_grams_6": 0.6111111111111112, "bleu": 0.32301638341193917, "precision": 0.331, "recall": 0.331, "f1": 0.331, "maximal intersection over union": 0.40262619047619047, "maximal intersection over union +-1": 0.45412857142857144, "maximal intersection over union +-2": 0.47993961038961036, "sentence_precision": 0.5337552742616034, "sentence_recall": 0.8908450704225352}
Potřebuji nalézt všechny věty, které jsou napsané v pasivu.	preloaded/ententen21_tt31	[tag="VB.*"][tag="VVN"]	(  [lemma="be" & tag="VB|VBD|VBP|VBZ"]   [tag="RB|RBR|RBS"]{0,3}   ( [lemma="be" & tag="VBG"] [tag="RB|RBR|RBS"]{0,3} )?   [tag="VVN"]  |   [lemma="get" & tag="VV|VVD|VVP|VVZ"]   [tag="RB|RBR|RBS"]{0,3}   [tag="VVN"]) within s:	{"n_grams_1": 0.49586776859504134, "n_grams_2": 0.3333333333333333, "n_grams_3": 0.2184873949579832, "n_grams_4": 0.15254237288135594, "n_grams_5": 0.10256410256410256, "n_grams_6": 0.0603448275862069, "bleu": 0.09010542115555599, "precision": 0, "recall": 0, "f1": 0, "maximal intersection over union": 0, "maximal intersection over union +-1": 0, "maximal intersection over union +-2": 0, "sentence_precision": 0, "sentence_recall": 0}
I need to find an agent in a passive sentence.	preloaded/ententen21_tt31	[tag="VB.*"][tag="VBN|VHN|VVN"][lemma!="by" & tag!="V.*"]*[lemma="by"][tag="DT"]? [tag="J.*"]*[tag="N.*"] within <s/>	<s>[ ( lemma="be" & tag="VB|VBD|VBG|VBN|VBP|VBZ" ) | ( lemma="get" & tag="VV|VVD|VVG|VVP|VVZ" ) ][] {0,4}[ tag="VVN" ][] {0,10}[ lemma="by" & tag="IN" ][ tag="NN|NNS|NP|NPS|PP" ]</s>	{"n_grams_1": 0.6764705882352942, "n_grams_2": 0.3564356435643564, "n_grams_3": 0.22, "n_grams_4": 0.1111111111111111, "n_grams_5": 0.061224489795918366, "n_grams_6": 0.030927835051546393, "bleu": 0.2345893339036815, "precision": 0.0, "recall": 0.0, "f1": 0.0, "maximal intersection over union": 0.0, "maximal intersection over union +-1": 0.0, "maximal intersection over union +-2": 0.0, "sentence_precision": 0.0, "sentence_recall": 0.0}
Najdi pasivum se slovesem "get".	preloaded/ententen21_tt31	[lemma="get"][tag="VVN"]	[lemma="get" & tag="VV.?|VH.?|VB.?"] [tag="VVN"]	{"n_grams_1": 0.6, "n_grams_2": 0.5172413793103449, "n_grams_3": 0.42857142857142855, "n_grams_4": 0.3333333333333333, "n_grams_5": 0.2692307692307692, "n_grams_6": 0.2, "bleu": 0.40683319711051863, "precision": 1.0, "recall": 1.0, "f1": 1.0, "maximal intersection over union": 1.0, "maximal intersection over union +-1": 1.0, "maximal intersection over union +-2": 1.0, "sentence_precision": 1.0, "sentence_recall": 1.0}
I need to find all adjectives in an attributive position.	preloaded/ententen21_tt31	[tag="J.*"][tag="N.*"]	[tag="JJ|JJR|JJS"] [tag="RB|RBR|RBS|JJ|JJR|JJS|CC|,"]* [tag="NN|NNS|NNSZ|NNZ|NP|NPS|NPSZ|NPZ"]	{"n_grams_1": 0.35185185185185186, "n_grams_2": 0.24528301886792453, "n_grams_3": 0.15384615384615385, "n_grams_4": 0.09803921568627451, "n_grams_5": 0.04, "n_grams_6": 0.02040816326530612, "bleu": 0.1386878733084494, "precision": 0.885, "recall": 0.885, "f1": 0.885, "maximal intersection over union": 0.9478761904761904, "maximal intersection over union +-1": 0.9639396825396825, "maximal intersection over union +-2": 0.9720704545454546, "sentence_precision": 1.0, "sentence_recall": 0.9038461538461539}
Všechny dva po sobě jdoucí tokeny se stejným tagem.	preloaded/ententen21_tt31	1:[] 2:[] & 1.tag = 2.tag	[tag:t][tag=t]	{"n_grams_1": 0.75, "n_grams_2": 0.14285714285714285, "n_grams_3": 0.0, "n_grams_4": 0.0, "n_grams_5": 0.0, "n_grams_6": 0.0, "bleu": 4.031272538807315e-155, "precision": 0, "recall": 0, "f1": 0, "maximal intersection over union": 0, "maximal intersection over union +-1": 0, "maximal intersection over union +-2": 0, "sentence_precision": 0, "sentence_recall": 0}
Chci najít sekvenci přídavné jméno, následované podstatným jménem, kde přídavné jméno má frekvenci menší než 5000.	preloaded/ententen21_tt31	1:[tag="J.*"][tag="N.*"] & f(1.word)<5000	[tag="JJ.*"] [tag="(NN|NP)S?Z?"]	{"n_grams_1": 0.6666666666666666, "n_grams_2": 0.4782608695652174, "n_grams_3": 0.36363636363636365, "n_grams_4": 0.2857142857142857, "n_grams_5": 0.2, "n_grams_6": 0.15789473684210525, "bleu": 0.36112769785790205, "precision": 0.044, "recall": 0.044, "f1": 0.044, "maximal intersection over union": 0.044, "maximal intersection over union +-1": 0.045, "maximal intersection over union +-2": 0.047206060606060606, "sentence_precision": 0.07692307692307693, "sentence_recall": 0.04631578947368421}
Chci nalézt sekvenci dvou po sobě jdoucích slov, která jsou stejná.	preloaded/ententen21_tt31	1:[] 2:[] & 1.word = 2.word	[pos!="SENT" & pos!="SYM"] as >a[pos!="SENT" & pos!="SYM" & lc = lc(>a)]	{"n_grams_1": 0.2926829268292683, "n_grams_2": 0.0, "n_grams_3": 0.0, "n_grams_4": 0.0, "n_grams_5": 0.0, "n_grams_6": 0.0, "bleu": 1.1268086493920282e-231, "precision": 0, "recall": 0, "f1": 0, "maximal intersection over union": 0, "maximal intersection over union +-1": 0, "maximal intersection over union +-2": 0, "sentence_precision": 0, "sentence_recall": 0}
Potřebuji nalézt dvě slova ve větě, která mají stejé lemma.	preloaded/ententen21_tt31	(1:[] 2:[] within <s/>) & 1.lemma = 2.lemma	<s> [ lemma = a ] []* [ lemma = a ] </s>	{"n_grams_1": 0.7368421052631579, "n_grams_2": 0.16666666666666666, "n_grams_3": 0.0, "n_grams_4": 0.0, "n_grams_5": 0.0, "n_grams_6": 0.0, "bleu": 6.7783846693366444e-155, "precision": 0, "recall": 0, "f1": 0, "maximal intersection over union": 0, "maximal intersection over union +-1": 0, "maximal intersection over union +-2": 0, "sentence_precision": 0, "sentence_recall": 0}
Potřebuji nalézt dvě slova ve větě, která mají stejé lemma, a současně ani jedno z těchto slov není číslovkou.	preloaded/ententen21_tt31	(1:[tag!="CD"] 2:[tag!="CD"] within <s/>) & 1.lemma = 2.lemma	[A: tag != "CD" & tag != "CDZ"] .* [B: tag != "CD" & tag != "CDZ" & lemma=A.lemma] : A != B, within s	{"n_grams_1": 0.7777777777777778, "n_grams_2": 0.4090909090909091, "n_grams_3": 0.23255813953488372, "n_grams_4": 0.14285714285714285, "n_grams_5": 0.04878048780487805, "n_grams_6": 0.0, "bleu": 0.25169951132470625, "precision": 0, "recall": 0, "f1": 0, "maximal intersection over union": 0, "maximal intersection over union +-1": 0, "maximal intersection over union +-2": 0, "sentence_precision": 0, "sentence_recall": 0}
Potřebuji nalézt sekvenci čtyř slov, ve které první a druhé slovo mají stejný tag a první a poslední mají stejné lemma.	preloaded/ententen21_tt31	1:[] 2:[] [] 3:[] & 1.tag = 2.tag & 1.lemma = 3.lemma	[>>t tag >>l lemma] [tag=t] [] [lemma=l]	{"n_grams_1": 0.6, "n_grams_2": 0.3157894736842105, "n_grams_3": 0.1111111111111111, "n_grams_4": 0.0, "n_grams_5": 0.0, "n_grams_6": 0.0, "bleu": 2.962353090960245e-78, "precision": 0, "recall": 0, "f1": 0, "maximal intersection over union": 0, "maximal intersection over union +-1": 0, "maximal intersection over union +-2": 0, "sentence_precision": 0, "sentence_recall": 0}
Chtěl bych nalézt případy, kdy ve věte sloveso následované po podstatném jméně má stejné lemma, jako předcházející podstatné jméno.	preloaded/ententen21_tt31	(1:[tag="N.*"]2:[tag="V.*"] within <s/>) & 1.lemma = 2.lemma	[ pos = "NN|NNS|NNSZ|NNZ|NP|NPS|NPSZ|NPZ" ] [ pos = "VB|VBD|VBG|VBN|VBP|VBZ|VV|VVD|VVG|VVN|VVP|VVZ|VH|VHD|VHG|VHN|VHP|VHZ", lemma_lc = [1].lemma_lc ] within <s/>	{"n_grams_1": 0.25675675675675674, "n_grams_2": 0.0958904109589041, "n_grams_3": 0.041666666666666664, "n_grams_4": 0.028169014084507043, "n_grams_5": 0.014285714285714285, "n_grams_6": 0.0, "bleu": 0.07130799029319453, "precision": 0, "recall": 0, "f1": 0, "maximal intersection over union": 0, "maximal intersection over union +-1": 0, "maximal intersection over union +-2": 0, "sentence_precision": 0, "sentence_recall": 0}
Zajímalo by mě, zda existují dvě po sobě jdoucí přídavná jména, následovaná podstatným jménem, kdy frekvence prvního přídavného jména je vyšší něž 100000 a frekvence druhého je menší než 5000.	preloaded/ententen21_tt31	1:[tag="J.*"]2:[tag="J.*"][tag="N.*"] & f(1.word) > 100000 & f(2.word) < 5000	[tag="JJ|JJR|JJS"] [tag="JJ|JJR|JJS"] [tag="NN|NNS|NP|NPS|NNSZ|NNZ|NPSZ|NPZ"]	{"n_grams_1": 0.4186046511627907, "n_grams_2": 0.3333333333333333, "n_grams_3": 0.24390243902439024, "n_grams_4": 0.175, "n_grams_5": 0.10256410256410256, "n_grams_6": 0.05263157894736842, "bleu": 0.21603746718621528, "precision": 0.051, "recall": 0.051, "f1": 0.051, "maximal intersection over union": 0.051, "maximal intersection over union +-1": 0.051111111111111114, "maximal intersection over union +-2": 0.05143939393939394, "sentence_precision": 0.05387931034482758, "sentence_recall": 0.05065856129685917}
Existují dvě po sobě jdoucí slova, která mají stejné lemma, ale jejich záspis, nezávisle na velikosti písmen, se liší?	preloaded/ententen21_tt31	1:[]2:[] & 1.lemma = 2.lemma & 1.lc != 2.lc	[1: tag != "SENT" & tag != "SYM" ][2: tag != "SENT" & tag != "SYM" & lemma_lc = %1.lemma_lc & lc != %1.lc ]	{"n_grams_1": 0.5348837209302325, "n_grams_2": 0.16666666666666666, "n_grams_3": 0.024390243902439025, "n_grams_4": 0.0, "n_grams_5": 0.0, "n_grams_6": 0.0, "bleu": 1.8502348589781032e-78, "precision": 0, "recall": 0, "f1": 0, "maximal intersection over union": 0, "maximal intersection over union +-1": 0, "maximal intersection over union +-2": 0, "sentence_precision": 0, "sentence_recall": 0}
Dají se najít dvě po sobě jdoucí slova, kde první nebo druhé má frekvenci vyšší než 2000000000?	preloaded/ententen21_tt31	1:[]2:[] & f(1.word) > 2000000000 | f(2.word) > 2000000000	[][]	{"n_grams_1": 1.0, "n_grams_2": 0.6666666666666666, "n_grams_3": 0.0, "n_grams_4": 0.0, "n_grams_5": 0, "n_grams_6": 0, "bleu": 9.081905767748499e-157, "precision": 0.276, "recall": 0.276, "f1": 0.276, "maximal intersection over union": 0.3486666666666667, "maximal intersection over union +-1": 0.47418095238095237, "maximal intersection over union +-2": 0.5641203463203464, "sentence_precision": 0.7636363636363637, "sentence_recall": 0.22340425531914893}
Chci slovo raketa z domény nasa.gov.	preloaded/ententen21_tt31	[word="rocket"] within <doc urldomain="nasa\.gov" />	<doc:urldomain matches "(?i)nasa\\.gov"> [lemma_lc="rocket"]	{"n_grams_1": 0.631578947368421, "n_grams_2": 0.3333333333333333, "n_grams_3": 0.23529411764705882, "n_grams_4": 0.125, "n_grams_5": 0.06666666666666667, "n_grams_6": 0.0, "bleu": 0.28051550320162943, "precision": 0, "recall": 0, "f1": 0, "maximal intersection over union": 0, "maximal intersection over union +-1": 0, "maximal intersection over union +-2": 0, "sentence_precision": 0, "sentence_recall": 0}
Zajímali by mě všechna slova univerzita v doménách končících na .edu .	preloaded/ententen21_tt31	[lemma="university"] within <doc tld="edu"/>	<doc tld="edu">[lemma="university"]	{"n_grams_1": 1.0, "n_grams_2": 0.8461538461538461, "n_grams_3": 0.75, "n_grams_4": 0.6363636363636364, "n_grams_5": 0.5, "n_grams_6": 0.3333333333333333, "bleu": 0.691053894672344, "precision": 0.0, "recall": 0.0, "f1": 0.0, "maximal intersection over union": 0.0, "maximal intersection over union +-1": 0.0, "maximal intersection over union +-2": 0.0, "sentence_precision": 0.0, "sentence_recall": 0.0}
Výskyty slova agrese v dokumentech s tématem hry.	preloaded/ententen21_tt31	[lemma="aggression"] within <doc topic="games"/>	<doc topic="(?i).*\bgames?\b.*">  [lemma_lc="aggression"]</doc>	{"n_grams_1": 0.5185185185185185, "n_grams_2": 0.2692307692307692, "n_grams_3": 0.2, "n_grams_4": 0.125, "n_grams_5": 0.043478260869565216, "n_grams_6": 0.0, "bleu": 0.23386786214190372, "precision": 0, "recall": 0.0, "f1": 0.0, "maximal intersection over union": 0, "maximal intersection over union +-1": 0, "maximal intersection over union +-2": 0, "sentence_precision": 0, "sentence_recall": 0.0}
Výskyty slova agrese v dokumentech s tématem hry nebo vzdělání.	preloaded/ententen21_tt31	[lemma="aggression"] within <doc topic="games|education"/>	[lemma="aggression"] within <doc topic="(?i)^(games|education)$" />	{"n_grams_1": 0.6923076923076923, "n_grams_2": 0.6, "n_grams_3": 0.5, "n_grams_4": 0.391304347826087, "n_grams_5": 0.36363636363636365, "n_grams_6": 0.3333333333333333, "bleu": 0.5339293213731362, "precision": 1.0, "recall": 1.0, "f1": 1.0, "maximal intersection over union": 1.0, "maximal intersection over union +-1": 1.0, "maximal intersection over union +-2": 1.0, "sentence_precision": 1.0, "sentence_recall": 1.0}
Zajímaly by mě výskyty reklam na blogech.	preloaded/ententen21_tt31	[lemma="advertisement|ad"] within <doc genre="blog"/>	[lempos="advertisement-n" | lempos="ad-n" | lempos="advertising-n" | lempos="advert-n"] within <doc genre="blog"/>	{"n_grams_1": 0.7647058823529411, "n_grams_2": 0.42424242424242425, "n_grams_3": 0.28125, "n_grams_4": 0.25806451612903225, "n_grams_5": 0.23333333333333334, "n_grams_6": 0.20689655172413793, "bleu": 0.3214237605551595, "precision": 0.74, "recall": 0.74, "f1": 0.74, "maximal intersection over union": 0.74, "maximal intersection over union +-1": 0.74, "maximal intersection over union +-2": 0.74, "sentence_precision": 0.7409326424870466, "sentence_recall": 0.7409326424870466}
Zajímají mě výskyty fráze "Barack Obama" ve všech dokumentech, kde titulek obsahuje slovo "skandál".	preloaded/ententen21_tt31	[word="Barack"][word="Obama"] within <doc title=".*scandal.*" />	[lc="barack"] [lc="obama"] within <doc title="(?i).*scandal.*">	{"n_grams_1": 0.7333333333333333, "n_grams_2": 0.5172413793103449, "n_grams_3": 0.35714285714285715, "n_grams_4": 0.25925925925925924, "n_grams_5": 0.19230769230769232, "n_grams_6": 0.12, "bleu": 0.43290513063333885, "precision": 0, "recall": 0.0, "f1": 0.0, "maximal intersection over union": 0, "maximal intersection over union +-1": 0, "maximal intersection over union +-2": 0, "sentence_precision": 0, "sentence_recall": 0.0}
Potřebuji výskyty slova COVID po roce 2019.	preloaded/trends_en	[word="COVID"] within <doc year="20[2-9]." />	[lc="covid"] within <doc year="2020..">	{"n_grams_1": 0.8235294117647058, "n_grams_2": 0.5, "n_grams_3": 0.3333333333333333, "n_grams_4": 0.2857142857142857, "n_grams_5": 0.23076923076923078, "n_grams_6": 0.16666666666666666, "bleu": 0.36616647681323994, "precision": 0, "recall": 0.0, "f1": 0.0, "maximal intersection over union": 0, "maximal intersection over union +-1": 0, "maximal intersection over union +-2": 0, "sentence_precision": 0, "sentence_recall": 0.0}
Potřebuji výskyty slova podzemí ve městě Brně.	preloaded/trends_en	[lemma="underground"] within <doc city="Brno"/>	[lc="podzemí"] within <doc city="Brno"/>	{"n_grams_1": 0.875, "n_grams_2": 0.7333333333333333, "n_grams_3": 0.6428571428571429, "n_grams_4": 0.6153846153846154, "n_grams_5": 0.5833333333333334, "n_grams_6": 0.5454545454545454, "bleu": 0.7098108717509044, "precision": 0, "recall": 0.0, "f1": 0.0, "maximal intersection over union": 0, "maximal intersection over union +-1": 0, "maximal intersection over union +-2": 0, "sentence_precision": 0, "sentence_recall": 0.0}
Zajímají mě všechny novinové články, ve kterých se vyskytuje sloveso "hack".	preloaded/trends_en	[lemma="hack" & tag="V.*"] within <doc genre="news"/>	<doc genre="news"> containing [lempos_lc="hack-v"]	{"n_grams_1": 0.8, "n_grams_2": 0.5, "n_grams_3": 0.3076923076923077, "n_grams_4": 0.25, "n_grams_5": 0.18181818181818182, "n_grams_6": 0.1, "bleu": 0.2298542141995476, "precision": 0, "recall": 0.0, "f1": 0.0, "maximal intersection over union": 0, "maximal intersection over union +-1": 0, "maximal intersection over union +-2": 0, "sentence_precision": 0, "sentence_recall": 0.0}
Výskyty slova leprikon v dokumentech pocházejících z Irska.	preloaded/trends_en	[lemma="leprechaun"] within <doc country="Ireland" />	[ lc = "leprikon" ] within <doc country="Ireland"> </doc>	{"n_grams_1": 0.8333333333333334, "n_grams_2": 0.5294117647058824, "n_grams_3": 0.4375, "n_grams_4": 0.4, "n_grams_5": 0.35714285714285715, "n_grams_6": 0.3076923076923077, "bleu": 0.5085991394194219, "precision": 0, "recall": 0.0, "f1": 0.0, "maximal intersection over union": 0, "maximal intersection over union +-1": 0, "maximal intersection over union +-2": 0, "sentence_precision": 0, "sentence_recall": 0.0}
Zajímali by mě výskyty slova zmrzlina v dokumentech, které byly publikovány v červnu.	preloaded/trends_en	[word="ice"][word="cream"] within <doc month=".+-06"/>	<doc month="6"> (  [tag="N.*" & lemma="ice"] [tag="N.*" & lemma="cream"]   |   [tag="N.*" & lc="ice-?creams?"])	{"n_grams_1": 0.603448275862069, "n_grams_2": 0.2982456140350877, "n_grams_3": 0.16071428571428573, "n_grams_4": 0.10909090909090909, "n_grams_5": 0.05555555555555555, "n_grams_6": 0.018867924528301886, "bleu": 0.18647420327485303, "precision": 0, "recall": 0.0, "f1": 0.0, "maximal intersection over union": 0, "maximal intersection over union +-1": 0, "maximal intersection over union +-2": 0, "sentence_precision": 0, "sentence_recall": 0.0}
Najdi věty v přímé řeči (začínající uvozovkou).	preloaded/ententen21_tt31	<s> [word="\""]	<s> [word=~"^[\"\'‘“]$"]	{"n_grams_1": 0.7368421052631579, "n_grams_2": 0.4444444444444444, "n_grams_3": 0.23529411764705882, "n_grams_4": 0.1875, "n_grams_5": 0.13333333333333333, "n_grams_6": 0.07142857142857142, "bleu": 0.3264128346656048, "precision": 0, "recall": 0, "f1": 0, "maximal intersection over union": 0, "maximal intersection over union +-1": 0, "maximal intersection over union +-2": 0, "sentence_precision": 0, "sentence_recall": 0}
Najdi věty, které obsahují číslo větší než 100.	preloaded/ententen21_tt31	<s/> containing [tag="CD" & word>="101"]	[ tag="CD" & lc = "([1-9][0-9]{3,}|[1-9][0-9]{0,2}(?:,[0-9]{3})+|10[1-9]|1[1-9][0-9]|[2-9][0-9]{2}|thousand|million|billion|trillion)" ] within <s/>	{"n_grams_1": 0.40963855421686746, "n_grams_2": 0.12195121951219512, "n_grams_3": 0.07407407407407407, "n_grams_4": 0.05, "n_grams_5": 0.0379746835443038, "n_grams_6": 0.02564102564102564, "bleu": 0.0934260702593974, "precision": 0.0, "recall": 0.0, "f1": 0.0, "maximal intersection over union": 0.03267451986209231, "maximal intersection over union +-1": 0.08479536470132144, "maximal intersection over union +-2": 0.1267363445846742, "sentence_precision": 0.6208226221079691, "sentence_recall": 0.483}
Zajímají mě pouze všechna slovesa z první třídy pravidelných sloves v infinitivu.	preloaded/frtenten22_fl4	[tag="VMN.*" & lemma=".*er"]	[tag="VN.*" & lemma_lc=".*er$"]	{"n_grams_1": 0, "n_grams_2": 0, "n_grams_3": 0, "n_grams_4": 0, "n_grams_5": 0, "n_grams_6": 0, "bleu": 0, "precision": 0, "recall": 0, "f1": 0, "maximal intersection over union": 0, "maximal intersection over union +-1": 0, "maximal intersection over union +-2": 0, "sentence_precision": 0, "sentence_recall": 0}
Chtěl bych všechna slovesa z druhé a třetí třídy pravidelných sloves.	preloaded/frtenten22_fl4	[tag="V.*" & lemma=".*ir|.*re"]	[pos="verb" & (lemma_lc=".*ir$" | lemma_lc=".*re$")]	{"n_grams_1": 0, "n_grams_2": 0, "n_grams_3": 0, "n_grams_4": 0, "n_grams_5": 0, "n_grams_6": 0, "bleu": 0, "precision": 0, "recall": 0, "f1": 0, "maximal intersection over union": 0, "maximal intersection over union +-1": 0, "maximal intersection over union +-2": 0, "sentence_precision": 0, "sentence_recall": 0}
Chtěl bych nalézt všechna slovesa v přítomném čase.	preloaded/frtenten22_fl4	[tag="V..P.*"]	[tag="V\\.[A-Z]\\.P.*"]	{"n_grams_1": 0, "n_grams_2": 0, "n_grams_3": 0, "n_grams_4": 0, "n_grams_5": 0, "n_grams_6": 0, "bleu": 0, "precision": 0, "recall": 0, "f1": 0, "maximal intersection over union": 0, "maximal intersection over union +-1": 0, "maximal intersection over union +-2": 0, "sentence_precision": 0, "sentence_recall": 0}
Chtěl bych nalézt všechna slovesa, která jsou součástí vět v přítomném čase.	preloaded/frtenten22_fl4	[tag="V..P.*"]	[tag="V\\..\\.P.*"]	{"n_grams_1": 0, "n_grams_2": 0, "n_grams_3": 0, "n_grams_4": 0, "n_grams_5": 0, "n_grams_6": 0, "bleu": 0, "precision": 0, "recall": 0, "f1": 0, "maximal intersection over union": 0, "maximal intersection over union +-1": 0, "maximal intersection over union +-2": 0, "sentence_precision": 0, "sentence_recall": 0}
Zajímali by mě příklady imperfektum.	preloaded/frtenten22_fl4	[tag="VM.I.*"]	[tag="VII.*"]	{"n_grams_1": 0, "n_grams_2": 0, "n_grams_3": 0, "n_grams_4": 0, "n_grams_5": 0, "n_grams_6": 0, "bleu": 0, "precision": 0, "recall": 0, "f1": 0, "maximal intersection over union": 0, "maximal intersection over union +-1": 0, "maximal intersection over union +-2": 0, "sentence_precision": 0, "sentence_recall": 0}
Chtěl bych slovesa v minulém čase jednoduchém.	preloaded/frtenten22_fl4	[tag="VMIS.*"]	[tag="V\\.I\\.S\\.[123]\\.[SP]"]	{"n_grams_1": 0, "n_grams_2": 0, "n_grams_3": 0, "n_grams_4": 0, "n_grams_5": 0, "n_grams_6": 0, "bleu": 0, "precision": 0, "recall": 0, "f1": 0, "maximal intersection over union": 0, "maximal intersection over union +-1": 0, "maximal intersection over union +-2": 0, "sentence_precision": 0, "sentence_recall": 0}
Jak naleznu slovesa v budoucím čase jednoduchém?	preloaded/frtenten22_fl4	[tag="VMIF.*"]	[tag="V.I.F.*"]	{"n_grams_1": 0, "n_grams_2": 0, "n_grams_3": 0, "n_grams_4": 0, "n_grams_5": 0, "n_grams_6": 0, "bleu": 0, "precision": 0, "recall": 0, "f1": 0, "maximal intersection over union": 0, "maximal intersection over union +-1": 0, "maximal intersection over union +-2": 0, "sentence_precision": 0, "sentence_recall": 0}
Jak naleznu Subjonctif?	preloaded/frtenten22_fl4	[tag="VMSP.*"]	[tag="V.S.*"]	{"n_grams_1": 0, "n_grams_2": 0, "n_grams_3": 0, "n_grams_4": 0, "n_grams_5": 0, "n_grams_6": 0, "bleu": 0, "precision": 0, "recall": 0, "f1": 0, "maximal intersection over union": 0, "maximal intersection over union +-1": 0, "maximal intersection over union +-2": 0, "sentence_precision": 0, "sentence_recall": 0}
Potřebuji všechna slovesa v minulém čase složeném.	preloaded/frtenten22_fl4	[tag="V[SA]IP.*"][tag="V.P.*"]	[tag="V\\.P\\..*" & lemma="avoir|être"] []{0,4} [tag="V\\.PP\\..*"]	{"n_grams_1": 0, "n_grams_2": 0, "n_grams_3": 0, "n_grams_4": 0, "n_grams_5": 0, "n_grams_6": 0, "bleu": 0, "precision": 0, "recall": 0, "f1": 0, "maximal intersection over union": 0, "maximal intersection over union +-1": 0, "maximal intersection over union +-2": 0, "sentence_precision": 0, "sentence_recall": 0}
Potřebuji všechna slovesa v minulém čase nedokonavém	preloaded/frtenten22_fl4	[tag="V.MS.*"]	[tag="V.I.I.*"]	{"n_grams_1": 0, "n_grams_2": 0, "n_grams_3": 0, "n_grams_4": 0, "n_grams_5": 0, "n_grams_6": 0, "bleu": 0, "precision": 0, "recall": 0, "f1": 0, "maximal intersection over union": 0, "maximal intersection over union +-1": 0, "maximal intersection over union +-2": 0, "sentence_precision": 0, "sentence_recall": 0}
Jak naleznu podmiňovací způsob minulý?	preloaded/frtenten22_fl4	[tag="V..C.*"]	([lemma="avoir" & tag="VC.*"] | [lemma="être" & tag="VC.*"]) {0,4} [tag="VMP.*"]	{"n_grams_1": 0, "n_grams_2": 0, "n_grams_3": 0, "n_grams_4": 0, "n_grams_5": 0, "n_grams_6": 0, "bleu": 0, "precision": 0, "recall": 0, "f1": 0, "maximal intersection over union": 0, "maximal intersection over union +-1": 0, "maximal intersection over union +-2": 0, "sentence_precision": 0, "sentence_recall": 0}
Dají se nalézt slovesa v trpném rodě?	preloaded/frtenten22_fl4	[lemma="être"] [tag="V.P.*"]	[lemma="être"] []{0,4} [tag="V.PP.*"]	{"n_grams_1": 0, "n_grams_2": 0, "n_grams_3": 0, "n_grams_4": 0, "n_grams_5": 0, "n_grams_6": 0, "bleu": 0, "precision": 0, "recall": 0, "f1": 0, "maximal intersection over union": 0, "maximal intersection over union +-1": 0, "maximal intersection over union +-2": 0, "sentence_precision": 0, "sentence_recall": 0}
Slova uzavřená uvozovkami.	preloaded/ententen21_tt31	[word="\""] [word!="\""]+ [word="\""] within <s/>	[word="[\"''“”‘’]"] ( [word!="[\"''“”‘’]"] )+ [word="[\"''“”‘’]"]	{"n_grams_1": 0.7441860465116279, "n_grams_2": 0.40476190476190477, "n_grams_3": 0.1951219512195122, "n_grams_4": 0.125, "n_grams_5": 0.05128205128205128, "n_grams_6": 0.0, "bleu": 0.2779586326861925, "precision": 0.66, "recall": 0.66, "f1": 0.66, "maximal intersection over union": 0.6660680374457347, "maximal intersection over union +-1": 0.6762384752832695, "maximal intersection over union +-2": 0.6846233732454515, "sentence_precision": 0.7516483516483516, "sentence_recall": 0.5979020979020979}
Všechny závorky a jejich obsah.	preloaded/ententen21_tt31	[word="\[|\(|\{"] [word!="\]|\)|\}"]+ [word="\]|\)|\}"]	( [word="("] []{0,100} [word=")"] ) |( [word="["] []{0,100} [word="]"] ) |( [word="{"] []{0,100} [word="}"] ) |( [word="<"] []{0,100} [word=">"] )	{"n_grams_1": 0.8526315789473684, "n_grams_2": 0.44680851063829785, "n_grams_3": 0.23655913978494625, "n_grams_4": 0.09782608695652174, "n_grams_5": 0.0, "n_grams_6": 0.0, "bleu": 0.10717279927895126, "precision": 0, "recall": 0, "f1": 0, "maximal intersection over union": 0, "maximal intersection over union +-1": 0, "maximal intersection over union +-2": 0, "sentence_precision": 0, "sentence_recall": 0}
Slova v závorkách.	preloaded/ententen21_tt31	[word="\[|\(|\{"] [word!="\]|\)|\}"]+ [word="\]|\)|\}"]	[word="("] []{0,100} [word=")"] within s | [word="["] []{0,100} [word="]"] within s	{"n_grams_1": 0.7872340425531915, "n_grams_2": 0.41304347826086957, "n_grams_3": 0.2222222222222222, "n_grams_4": 0.09090909090909091, "n_grams_5": 0.0, "n_grams_6": 0.0, "bleu": 0.16586548867747933, "precision": 0, "recall": 0, "f1": 0, "maximal intersection over union": 0, "maximal intersection over union +-1": 0, "maximal intersection over union +-2": 0, "sentence_precision": 0, "sentence_recall": 0}
Najdi otázky – věty zakončené otazníkem.	preloaded/ententen21_tt31	<s/> containing [word="\?" & tag="SENT"]	[s] [word="?"] : >	{"n_grams_1": 0.8333333333333334, "n_grams_2": 0.45454545454545453, "n_grams_3": 0.2, "n_grams_4": 0.1111111111111111, "n_grams_5": 0.0, "n_grams_6": 0.0, "bleu": 0.17374853268337082, "precision": 0, "recall": 0, "f1": 0, "maximal intersection over union": 0, "maximal intersection over union +-1": 0, "maximal intersection over union +-2": 0, "sentence_precision": 0, "sentence_recall": 0}
Najdi všechny výskyty slova „ale“ mezi dvěma větami.	preloaded/ententen21_tt31	[lc="but"] within [word=","][lc="but"]	<s> [lemma="but" & lc="but" & pos="CC"]	{"n_grams_1": 0.6363636363636364, "n_grams_2": 0.42857142857142855, "n_grams_3": 0.25, "n_grams_4": 0.15789473684210525, "n_grams_5": 0.05555555555555555, "n_grams_6": 0.0, "bleu": 0.32211359732229744, "precision": 0, "recall": 0.0, "f1": 0.0, "maximal intersection over union": 0, "maximal intersection over union +-1": 0, "maximal intersection over union +-2": 0, "sentence_precision": 0, "sentence_recall": 0.0}
Jak najdu první slovo ve větě?	preloaded/ententen21_tt31	<s> []	: <s> [%r="0" & tag!~"SENT|SYM|[,.:;``''?!]"]	{"n_grams_1": 0.23333333333333334, "n_grams_2": 0.10344827586206896, "n_grams_3": 0.07142857142857142, "n_grams_4": 0.037037037037037035, "n_grams_5": 0.0, "n_grams_6": 0.0, "bleu": 0.08218074077265651, "precision": 0, "recall": 0, "f1": 0, "maximal intersection over union": 0, "maximal intersection over union +-1": 0, "maximal intersection over union +-2": 0, "sentence_precision": 0, "sentence_recall": 0}
Vyhledej pouze jednoslovné věty.	preloaded/ententen21_tt31	<s> [] [tag="SENT"]? </s>	<s> [tag!="SENT"] [tag="SENT"] </s>	{"n_grams_1": 0.9523809523809523, "n_grams_2": 0.85, "n_grams_3": 0.631578947368421, "n_grams_4": 0.4444444444444444, "n_grams_5": 0.29411764705882354, "n_grams_6": 0.1875, "bleu": 0.5100323429521268, "precision": 0.778, "recall": 0.778, "f1": 0.778, "maximal intersection over union": 0.778, "maximal intersection over union +-1": 0.778, "maximal intersection over union +-2": 0.778, "sentence_precision": 0.778, "sentence_recall": 0.778}
Sekvence tří slov: přídavné jméno + podstatné jméno + sloveso.	preloaded/ententen21_tt31	[tag="J.*"][tag="N.*"][tag="V.*"]	[tag="JJ[RS]?"] [tag="(NN|NP)S?Z?"] [tag="MD|VB|VBD|VBG|VBN|VBP|VBZ|VH|VHD|VHG|VHN|VHP|VHZ|VV|VVD|VVG|VVN|VVP|VVZ"] within <s>	{"n_grams_1": 0.273972602739726, "n_grams_2": 0.19444444444444445, "n_grams_3": 0.14084507042253522, "n_grams_4": 0.1, "n_grams_5": 0.057971014492753624, "n_grams_6": 0.029411764705882353, "bleu": 0.16120247629056686, "precision": 0, "recall": 0.0, "f1": 0.0, "maximal intersection over union": 0, "maximal intersection over union +-1": 0, "maximal intersection over union +-2": 0, "sentence_precision": 0, "sentence_recall": 0.0}
Sekvence dvou přídavných jmen za sebou.	preloaded/ententen21_tt31	[tag="J.*"][tag="J.*"]	[tag="JJ|JJR|JJS"] [tag="JJ|JJR|JJS"]	{"n_grams_1": 0.5454545454545454, "n_grams_2": 0.42857142857142855, "n_grams_3": 0.3, "n_grams_4": 0.21052631578947367, "n_grams_5": 0.1111111111111111, "n_grams_6": 0.058823529411764705, "bleu": 0.3485799122645515, "precision": 1.0, "recall": 1.0, "f1": 1.0, "maximal intersection over union": 1.0, "maximal intersection over union +-1": 1.0, "maximal intersection over union +-2": 1.0, "sentence_precision": 1.0, "sentence_recall": 1.0}
Sloveso následované zájmenem.	preloaded/ententen21_tt31	[tag="V.*"] [tag="P.*"]	[tag="V.*"] [tag="PP|PPZ|WP|WPZ"]	{"n_grams_1": 0.6818181818181818, "n_grams_2": 0.6190476190476191, "n_grams_3": 0.55, "n_grams_4": 0.5263157894736842, "n_grams_5": 0.5, "n_grams_6": 0.47058823529411764, "bleu": 0.591221788774008, "precision": 0.931, "recall": 0.931, "f1": 0.931, "maximal intersection over union": 0.931, "maximal intersection over union +-1": 0.9318095238095239, "maximal intersection over union +-2": 0.9323333333333333, "sentence_precision": 0.9326710816777042, "sentence_recall": 0.9388888888888889}
Přídavné jméno následované podstatným jménem (např. „velký dům“).	preloaded/ententen21_tt31	[tag="J.*"][tag="N.*"]	[tag="J.*"] [tag="N[NP].*"]	{"n_grams_1": 0.9523809523809523, "n_grams_2": 0.8, "n_grams_3": 0.7368421052631579, "n_grams_4": 0.6666666666666666, "n_grams_5": 0.5882352941176471, "n_grams_6": 0.5625, "bleu": 0.761827408333416, "precision": 1.0, "recall": 1.0, "f1": 1.0, "maximal intersection over union": 1.0, "maximal intersection over union +-1": 1.0, "maximal intersection over union +-2": 1.0, "sentence_precision": 1.0, "sentence_recall": 1.0}
Najdi věty začínající spojkou.	preloaded/ententen21_tt31	<s> [tag="CC|IN"]	[s] [0:] [tag="CC"|tag="IN"|tag="IN/that"]	{"n_grams_1": 0.92, "n_grams_2": 0.4166666666666667, "n_grams_3": 0.21739130434782608, "n_grams_4": 0.09090909090909091, "n_grams_5": 0.047619047619047616, "n_grams_6": 0.0, "bleu": 0.18556675930109115, "precision": 0, "recall": 0, "f1": 0, "maximal intersection over union": 0, "maximal intersection over union +-1": 0, "maximal intersection over union +-2": 0, "sentence_precision": 0, "sentence_recall": 0}
Najdi věty bez slovesného přísudku.	preloaded/ententen21_tt31	<s/> !containing [tag="V.*"]	[s] [ tag != "MD" & tag !~ "V[A-Z]+" ]* [/s]	{"n_grams_1": 0.7307692307692307, "n_grams_2": 0.16, "n_grams_3": 0.0, "n_grams_4": 0.0, "n_grams_5": 0.0, "n_grams_6": 0.0, "bleu": 7.236348959474942e-155, "precision": 0, "recall": 0, "f1": 0, "maximal intersection over union": 0, "maximal intersection over union +-1": 0, "maximal intersection over union +-2": 0, "sentence_precision": 0, "sentence_recall": 0}
Věty s několikanásobným podmětem.	preloaded/ententen21_tt31	<s/> containing <s> [tag!="V.*|CC|,"]* [tag="N.*"] [tag!="V.*|CC|,"]* [tag="CC"] [tag!="V.*|CC|,"]* [tag="N.*"] [tag!="V.*|CC|,"]* [tag="V.*"]	[s] :: [g grouptype="g" & grep="subj"] []* [g grouptype="g" & grep="subj"]	{"n_grams_1": 0.6666666666666666, "n_grams_2": 0.28125, "n_grams_3": 0.06451612903225806, "n_grams_4": 0.0, "n_grams_5": 0.0, "n_grams_6": 0.0, "bleu": 5.159334191346847e-79, "precision": 0, "recall": 0, "f1": 0, "maximal intersection over union": 0, "maximal intersection over union +-1": 0, "maximal intersection over union +-2": 0, "sentence_precision": 0, "sentence_recall": 0}
Najdi věty, které končí výpustkou.	preloaded/ententen21_tt31	<s/> containing [word=="..."][tag="SENT"]?</s>	[word="..." | word="…"] :> s	{"n_grams_1": 0.7777777777777778, "n_grams_2": 0.5882352941176471, "n_grams_3": 0.3125, "n_grams_4": 0.2, "n_grams_5": 0.14285714285714285, "n_grams_6": 0.07692307692307693, "bleu": 0.26649791441613696, "precision": 0, "recall": 0, "f1": 0, "maximal intersection over union": 0, "maximal intersection over union +-1": 0, "maximal intersection over union +-2": 0, "sentence_precision": 0, "sentence_recall": 0}
Najdi výskyty více vykřičníků nebo otazníků za sebou (např. „?!“, „!!!“).	preloaded/ententen21_tt31	[word=="?" | word=="!"]{2,} | [word="[!?]{2,}"]	[word="[?!]"]{2,}	{"n_grams_1": 1.0, "n_grams_2": 0.6923076923076923, "n_grams_3": 0.5833333333333334, "n_grams_4": 0.45454545454545453, "n_grams_5": 0.3, "n_grams_6": 0.1111111111111111, "bleu": 0.15686556899286788, "precision": 0.12, "recall": 0.12, "f1": 0.12, "maximal intersection over union": 0.12, "maximal intersection over union +-1": 0.12, "maximal intersection over union +-2": 0.12, "sentence_precision": 0.29285714285714287, "sentence_recall": 0.04723502304147465}
I need all sentences that consist of three tokens.	preloaded/ententen21_tt31	<s> [][][] </s>	<s> [word] [word] [word] </s>	{"n_grams_1": 0.8, "n_grams_2": 0.5714285714285714, "n_grams_3": 0.3076923076923077, "n_grams_4": 0.16666666666666666, "n_grams_5": 0.0, "n_grams_6": 0.0, "bleu": 0.391295029958458, "precision": 0, "recall": 0, "f1": 0, "maximal intersection over union": 0, "maximal intersection over union +-1": 0, "maximal intersection over union +-2": 0, "sentence_precision": 0, "sentence_recall": 0}
Věty obsahující sloveso „muset“ a podstatné jméno v akuzativu.	preloaded/cstenten23_mj2	<s/> containing ([lemma="muset" & tag="k1.*"][]*[tag="k1.*c4.*"]) | ([tag="k1.*c4.*"][]*[lemma="muset" & tag="k1.*"])	within s ( [lempos="muset-v"] []{0,100} [tag="k1.*c4"] | [tag="k1.*c4"] []{0,100} [lempos="muset-v"] )	{"n_grams_1": 0.6981132075471698, "n_grams_2": 0.5, "n_grams_3": 0.3333333333333333, "n_grams_4": 0.24, "n_grams_5": 0.16326530612244897, "n_grams_6": 0.125, "bleu": 0.3022655785449027, "precision": 0, "recall": 0, "f1": 0, "maximal intersection over union": 0, "maximal intersection over union +-1": 0, "maximal intersection over union +-2": 0, "sentence_precision": 0, "sentence_recall": 0}
Věty obsahující sloveso „muset“ a po něm podstatné jméno v akuzativu.	preloaded/cstenten23_mj2	[lemma="muset" & tag="k5.*"] [tag="k1.*c4.*"]	<s/>[lemma="muset" & k="k5"][]{0,5}[k="k1" & c="4"]</s>	{"n_grams_1": 0.6153846153846154, "n_grams_2": 0.39473684210526316, "n_grams_3": 0.21621621621621623, "n_grams_4": 0.1111111111111111, "n_grams_5": 0.08571428571428572, "n_grams_6": 0.058823529411764705, "bleu": 0.24817232637713388, "precision": 0, "recall": 0.0, "f1": 0.0, "maximal intersection over union": 0, "maximal intersection over union +-1": 0, "maximal intersection over union +-2": 0, "sentence_precision": 0, "sentence_recall": 0.0}
Najdi vzory: "podstatné jméno|přídavné jméno" nebo "přídavné jméno|podstatné jméno".	preloaded/cstenten23_mj2	([tag="k1.*"] [tag="k2.*"]) | ([tag="k2.*"] [tag="k1.*"])	( [tag="k1.*"] [tag="k2.*"] ) | ( [tag="k2.*"] [tag="k1.*"] )	{"n_grams_1": 1.0, "n_grams_2": 1.0, "n_grams_3": 1.0, "n_grams_4": 1.0, "n_grams_5": 1.0, "n_grams_6": 1.0, "bleu": 1.0, "precision": 1.0, "recall": 1.0, "f1": 1.0, "maximal intersection over union": 1.0, "maximal intersection over union +-1": 1.0, "maximal intersection over union +-2": 1.0, "sentence_precision": 1.0, "sentence_recall": 1.0}
Slova napsaná VELKÝMI PÍSMENY.	preloaded/ententen21_tt31	[word="[A-Z]+"]	[word=".*[A-Z].*" & word!=".*[a-z].*"]	{"n_grams_1": 0.5769230769230769, "n_grams_2": 0.28, "n_grams_3": 0.125, "n_grams_4": 0.043478260869565216, "n_grams_5": 0.0, "n_grams_6": 0.0, "bleu": 0.1457691579492893, "precision": 0.793, "recall": 0.793, "f1": 0.793, "maximal intersection over union": 0.793, "maximal intersection over union +-1": 0.8012, "maximal intersection over union +-2": 0.8086587301587301, "sentence_precision": 0.8231292517006803, "sentence_recall": 0.8402777777777778}
Potřebuji nalézt všechna podstatná jména.	preloaded/cstenten23_mj2	[tag="k1.*"]	[k="k1"]	{"n_grams_1": 0.8571428571428571, "n_grams_2": 0.5, "n_grams_3": 0.2, "n_grams_4": 0.0, "n_grams_5": 0.0, "n_grams_6": 0.0, "bleu": 4.966097853332116e-78, "precision": 1.0, "recall": 1.0, "f1": 1.0, "maximal intersection over union": 1.0, "maximal intersection over union +-1": 1.0, "maximal intersection over union +-2": 1.0, "sentence_precision": 1.0, "sentence_recall": 1.0}
Potřebuji nalézt všechna podstatná jména.	preloaded/frtenten22_fl4	[tag="N.*"]	[tag="N.*"]	{"n_grams_1": 1, "n_grams_2": 1, "n_grams_3": 1, "n_grams_4": 1, "n_grams_5": 1, "n_grams_6": 1, "bleu": 1, "precision": 1, "recall": 1, "f1": 1, "maximal intersection over union": 1, "maximal intersection over union +-1": 1, "maximal intersection over union +-2": 1, "sentence_precision": 1, "sentence_recall": 1}
Potřebuji nalézt všechna podstatná jména.	preloaded/ententen21_tt31	[tag="N.*"]	[tag="NN" | tag="NNS" | tag="NNZ" | tag="NNSZ" | tag="NP" | tag="NPS" | tag="NPZ" | tag="NPSZ"]	{"n_grams_1": 0.6938775510204082, "n_grams_2": 0.375, "n_grams_3": 0.19148936170212766, "n_grams_4": 0.021739130434782608, "n_grams_5": 0.0, "n_grams_6": 0.0, "bleu": 0.055429001796335337, "precision": 1.0, "recall": 1.0, "f1": 1.0, "maximal intersection over union": 1.0, "maximal intersection over union +-1": 1.0, "maximal intersection over union +-2": 1.0, "sentence_precision": 1.0, "sentence_recall": 1.0}
Najdi všechna přídavná jména.	preloaded/cstenten23_mj2	[tag="k2.*"]	[k="k2"]	{"n_grams_1": 0.8571428571428571, "n_grams_2": 0.5, "n_grams_3": 0.2, "n_grams_4": 0.0, "n_grams_5": 0.0, "n_grams_6": 0.0, "bleu": 4.966097853332116e-78, "precision": 1.0, "recall": 1.0, "f1": 1.0, "maximal intersection over union": 1.0, "maximal intersection over union +-1": 1.0, "maximal intersection over union +-2": 1.0, "sentence_precision": 1.0, "sentence_recall": 1.0}
Najdi všechna přídavná jména.	preloaded/frtenten22_fl4	[tag="A.*"]	[tag="A.*"]	{"n_grams_1": 1, "n_grams_2": 1, "n_grams_3": 1, "n_grams_4": 1, "n_grams_5": 1, "n_grams_6": 1, "bleu": 1, "precision": 1, "recall": 1, "f1": 1, "maximal intersection over union": 1, "maximal intersection over union +-1": 1, "maximal intersection over union +-2": 1, "sentence_precision": 1, "sentence_recall": 1}
Najdi všechna přídavná jména.	preloaded/ententen21_tt31	[tag="J.*"]	[tag="(JJ|JJR|JJS)"]	{"n_grams_1": 0.46153846153846156, "n_grams_2": 0.3333333333333333, "n_grams_3": 0.18181818181818182, "n_grams_4": 0.1, "n_grams_5": 0.0, "n_grams_6": 0.0, "bleu": 0.22997519112894443, "precision": 1.0, "recall": 1.0, "f1": 1.0, "maximal intersection over union": 1.0, "maximal intersection over union +-1": 1.0, "maximal intersection over union +-2": 1.0, "sentence_precision": 1.0, "sentence_recall": 1.0}
Jak naleznu všechna podstatná jména začínající "pře" a končící na "ní"?	preloaded/cstenten23_mj2	[word="pře.*ní" & tag="k1.*"]	[lempos_lc="^pře.*ní-n"]	{"n_grams_1": 0.7272727272727273, "n_grams_2": 0.4, "n_grams_3": 0.1111111111111111, "n_grams_4": 0.0, "n_grams_5": 0.0, "n_grams_6": 0.0, "bleu": 2.740599587522511e-78, "precision": 0.836, "recall": 0.836, "f1": 0.836, "maximal intersection over union": 0.836, "maximal intersection over union +-1": 0.8364, "maximal intersection over union +-2": 0.8370793650793651, "sentence_precision": 0.8359456635318704, "sentence_recall": 0.8316008316008316}
Jak naleznu zájména?	preloaded/cstenten23_mj2	[tag="k3.*"]	[k="k3"]	{"n_grams_1": 0.8571428571428571, "n_grams_2": 0.5, "n_grams_3": 0.2, "n_grams_4": 0.0, "n_grams_5": 0.0, "n_grams_6": 0.0, "bleu": 4.966097853332116e-78, "precision": 1.0, "recall": 1.0, "f1": 1.0, "maximal intersection over union": 1.0, "maximal intersection over union +-1": 1.0, "maximal intersection over union +-2": 1.0, "sentence_precision": 1.0, "sentence_recall": 1.0}
Jak naleznu zájména?	preloaded/frtenten22_fl4	[tag="P.*"]	[pos="pronoun"]	{"n_grams_1": 0, "n_grams_2": 0, "n_grams_3": 0, "n_grams_4": 0, "n_grams_5": 0, "n_grams_6": 0, "bleu": 0, "precision": 0, "recall": 0, "f1": 0, "maximal intersection over union": 0, "maximal intersection over union +-1": 0, "maximal intersection over union +-2": 0, "sentence_precision": 0, "sentence_recall": 0}
Jak naleznu zájména?	preloaded/ententen21_tt31	[tag="PP.*"]	[tag="PP" | tag="PPZ" | tag="WP" | tag="WPZ"]	{"n_grams_1": 0.76, "n_grams_2": 0.4583333333333333, "n_grams_3": 0.2608695652173913, "n_grams_4": 0.09090909090909091, "n_grams_5": 0.047619047619047616, "n_grams_6": 0.0, "bleu": 0.1621733103782632, "precision": 0.96, "recall": 0.96, "f1": 0.96, "maximal intersection over union": 0.96, "maximal intersection over union +-1": 0.9621000000000001, "maximal intersection over union +-2": 0.9636468253968254, "sentence_precision": 0.9755043227665706, "sentence_recall": 0.9548660084626234}
Všechny tvary slova vitamíny.	preloaded/cstenten23_mj2	[lemma="vitamín"]	[lemma="vitamín"]	{"n_grams_1": 1, "n_grams_2": 1, "n_grams_3": 1, "n_grams_4": 1, "n_grams_5": 1, "n_grams_6": 1, "bleu": 1, "precision": 1, "recall": 1, "f1": 1, "maximal intersection over union": 1, "maximal intersection over union +-1": 1, "maximal intersection over union +-2": 1, "sentence_precision": 1, "sentence_recall": 1}
Jméno Petr v pátém pádě.	preloaded/cstenten23_mj2	[lemma="Petr" & tag="k1.*c5.*"]	[lemma="Petr" & tag="k1.*c5.*"]	{"n_grams_1": 1, "n_grams_2": 1, "n_grams_3": 1, "n_grams_4": 1, "n_grams_5": 1, "n_grams_6": 1, "bleu": 1, "precision": 1, "recall": 1, "f1": 1, "maximal intersection over union": 1, "maximal intersection over union +-1": 1, "maximal intersection over union +-2": 1, "sentence_precision": 1, "sentence_recall": 1}
Znaky '.', ',', '!' a '?'.	preloaded/cstenten23_mj2	[word=="." | word=="," | word=="!" | word=="?"]	[word="."] | [word=","] | [word="!"] | [word="?"]	{"n_grams_1": 1.0, "n_grams_2": 0.8, "n_grams_3": 0.4482758620689655, "n_grams_4": 0.17857142857142858, "n_grams_5": 0.037037037037037035, "n_grams_6": 0.0, "bleu": 0.415466379165763, "precision": 0, "recall": 0, "f1": 0, "maximal intersection over union": 0, "maximal intersection over union +-1": 0, "maximal intersection over union +-2": 0, "sentence_precision": 0, "sentence_recall": 0}
Jakým CQL naleznu všechny konce vět?	preloaded/ententen21_tt31	</s>	[tag="SENT"]	{"n_grams_1": 0.0, "n_grams_2": 0.0, "n_grams_3": 0.0, "n_grams_4": 0.0, "n_grams_5": 0.0, "n_grams_6": 0.0, "bleu": 0, "precision": 0.0, "recall": 0.0, "f1": 0.0, "maximal intersection over union": 0.0, "maximal intersection over union +-1": 0.5741666666666666, "maximal intersection over union +-2": 0.6907714285714286, "sentence_precision": 0.8809766022380467, "sentence_recall": 0.866}
Slovo "potravina".	preloaded/cstenten23_mj2	[word="potravina"]	[lemma="potravina"]	{"n_grams_1": 0.8571428571428571, "n_grams_2": 0.6666666666666666, "n_grams_3": 0.6, "n_grams_4": 0.5, "n_grams_5": 0.3333333333333333, "n_grams_6": 0.0, "bleu": 0.6434588841607617, "precision": 0.013, "recall": 0.013, "f1": 0.013, "maximal intersection over union": 0.013, "maximal intersection over union +-1": 0.013, "maximal intersection over union +-2": 0.013, "sentence_precision": 0.013963480128893663, "sentence_recall": 0.013388259526261586}
Lemma "oko".	preloaded/cstenten23_mj2	[lemma="oko"]	[lemma="oko"]	{"n_grams_1": 1, "n_grams_2": 1, "n_grams_3": 1, "n_grams_4": 1, "n_grams_5": 1, "n_grams_6": 1, "bleu": 1, "precision": 1, "recall": 1, "f1": 1, "maximal intersection over union": 1, "maximal intersection over union +-1": 1, "maximal intersection over union +-2": 1, "sentence_precision": 1, "sentence_recall": 1}
Najdi všechna slovesa v minulém čase.	preloaded/cstenten23_mj2	[tag="k5.*mA.*"]	[k="k5" & m="mH"]	{"n_grams_1": 0.6923076923076923, "n_grams_2": 0.3333333333333333, "n_grams_3": 0.09090909090909091, "n_grams_4": 0.0, "n_grams_5": 0.0, "n_grams_6": 0.0, "bleu": 3.908633169762327e-78, "precision": 0, "recall": 0.0, "f1": 0.0, "maximal intersection over union": 0, "maximal intersection over union +-1": 0, "maximal intersection over union +-2": 0, "sentence_precision": 0, "sentence_recall": 0.0}
Vyhledej všechna podstatná jména v množném čísle.	preloaded/cstenten23_mj2	[tag="k1.*nP.*"]	[k="1" & n="P"]	{"n_grams_1": 0.6153846153846154, "n_grams_2": 0.25, "n_grams_3": 0.0, "n_grams_4": 0.0, "n_grams_5": 0.0, "n_grams_6": 0.0, "bleu": 7.505697654413981e-155, "precision": 0, "recall": 0.0, "f1": 0.0, "maximal intersection over union": 0, "maximal intersection over union +-1": 0, "maximal intersection over union +-2": 0, "sentence_precision": 0, "sentence_recall": 0.0}
Najdi všechna slova v ženském rodě.	preloaded/cstenten23_mj2	[tag=".*gF.*"]	[g="gF"]	{"n_grams_1": 0.8571428571428571, "n_grams_2": 0.3333333333333333, "n_grams_3": 0.0, "n_grams_4": 0.0, "n_grams_5": 0.0, "n_grams_6": 0.0, "bleu": 6.158669933793385e-155, "precision": 1.0, "recall": 1.0, "f1": 1.0, "maximal intersection over union": 1.0, "maximal intersection over union +-1": 1.0, "maximal intersection over union +-2": 1.0, "sentence_precision": 1.0, "sentence_recall": 1.0}
Všechna slovesa v rozkazovacím způsobu.	preloaded/cstenten23_mj2	[tag="k5.*mR.*"]	[tag="k5.*mR.*"]	{"n_grams_1": 1, "n_grams_2": 1, "n_grams_3": 1, "n_grams_4": 1, "n_grams_5": 1, "n_grams_6": 1, "bleu": 1, "precision": 1, "recall": 1, "f1": 1, "maximal intersection over union": 1, "maximal intersection over union +-1": 1, "maximal intersection over union +-2": 1, "sentence_precision": 1, "sentence_recall": 1}
Všechna přídavná jména ve třetím stupni.	preloaded/cstenten23_mj2	[tag="k2.*d3.*"]	[tag="k2.*d3"]	{"n_grams_1": 1.0, "n_grams_2": 0.8888888888888888, "n_grams_3": 0.75, "n_grams_4": 0.7142857142857143, "n_grams_5": 0.6666666666666666, "n_grams_6": 0.6, "bleu": 0.6801211491388693, "precision": 1.0, "recall": 1.0, "f1": 1.0, "maximal intersection over union": 1.0, "maximal intersection over union +-1": 1.0, "maximal intersection over union +-2": 1.0, "sentence_precision": 1.0, "sentence_recall": 1.0}
Vyhledej všechna zájmena v 3. pádě.	preloaded/cstenten23_mj2	[tag="k3.*c3.*"]	[k="k3" & c="c3"]	{"n_grams_1": 0.7692307692307693, "n_grams_2": 0.3333333333333333, "n_grams_3": 0.09090909090909091, "n_grams_4": 0.0, "n_grams_5": 0.0, "n_grams_6": 0.0, "bleu": 4.0622028886850106e-78, "precision": 1.0, "recall": 1.0, "f1": 1.0, "maximal intersection over union": 1.0, "maximal intersection over union +-1": 1.0, "maximal intersection over union +-2": 1.0, "sentence_precision": 1.0, "sentence_recall": 1.0}
Najdi všechny výskyty lemmatu „jíst“.	preloaded/cstenten23_mj2	[lemma="jíst"]	[lemma="jíst"]	{"n_grams_1": 1, "n_grams_2": 1, "n_grams_3": 1, "n_grams_4": 1, "n_grams_5": 1, "n_grams_6": 1, "bleu": 1, "precision": 1, "recall": 1, "f1": 1, "maximal intersection over union": 1, "maximal intersection over union +-1": 1, "maximal intersection over union +-2": 1, "sentence_precision": 1, "sentence_recall": 1}
Lemma "být" v minulém čase.	preloaded/cstenten23_mj2	[lemma="být" & tag=".*mA.*"]	[lemma="být" & tag="k5.*mN"]	{"n_grams_1": 0.875, "n_grams_2": 0.7333333333333333, "n_grams_3": 0.5714285714285714, "n_grams_4": 0.5384615384615384, "n_grams_5": 0.5, "n_grams_6": 0.45454545454545453, "bleu": 0.626200088151639, "precision": 0, "recall": 0.0, "f1": 0.0, "maximal intersection over union": 0, "maximal intersection over union +-1": 0, "maximal intersection over union +-2": 0, "sentence_precision": 0, "sentence_recall": 0.0}
Vyhledej všechny tvary lemmatu "krásný".	preloaded/cstenten23_mj2	[lemma="krásný"]	[lemma="krásný"]	{"n_grams_1": 1, "n_grams_2": 1, "n_grams_3": 1, "n_grams_4": 1, "n_grams_5": 1, "n_grams_6": 1, "bleu": 1, "precision": 1, "recall": 1, "f1": 1, "maximal intersection over union": 1, "maximal intersection over union +-1": 1, "maximal intersection over union +-2": 1, "sentence_precision": 1, "sentence_recall": 1}
Slovo "kočka" ve všech pádech a číslech.	preloaded/cstenten23_mj2	[lemma="kočka"]	[lempos="kočka-n"]	{"n_grams_1": 0.7142857142857143, "n_grams_2": 0.3333333333333333, "n_grams_3": 0.0, "n_grams_4": 0.0, "n_grams_5": 0.0, "n_grams_6": 0.0, "bleu": 1.04198122363916e-154, "precision": 1.0, "recall": 1.0, "f1": 1.0, "maximal intersection over union": 1.0, "maximal intersection over union +-1": 1.0, "maximal intersection over union +-2": 1.0, "sentence_precision": 1.0, "sentence_recall": 1.0}
Najdi všechna slova začínající na "ne" a končící na "ný".	preloaded/cstenten23_mj2	[word="ne.*ný"]	[lc="ne.*ný"]	{"n_grams_1": 0.9, "n_grams_2": 0.7777777777777778, "n_grams_3": 0.75, "n_grams_4": 0.7142857142857143, "n_grams_5": 0.6666666666666666, "n_grams_6": 0.6, "bleu": 0.7825422900366437, "precision": 0.902, "recall": 0.902, "f1": 0.902, "maximal intersection over union": 0.902, "maximal intersection over union +-1": 0.902, "maximal intersection over union +-2": 0.902, "sentence_precision": 0.9020408163265307, "sentence_recall": 0.90020366598778}
Všechna slova, která mají uprostřed „stav“.	preloaded/cstenten23_mj2	[word=".*stav.*"]	[lc="^.+stav.+$"]	{"n_grams_1": 0.6153846153846154, "n_grams_2": 0.25, "n_grams_3": 0.0, "n_grams_4": 0.0, "n_grams_5": 0.0, "n_grams_6": 0.0, "bleu": 9.342086335797231e-155, "precision": 0.763, "recall": 0.763, "f1": 0.763, "maximal intersection over union": 0.763, "maximal intersection over union +-1": 0.763, "maximal intersection over union +-2": 0.763, "sentence_precision": 0.7581344902386117, "sentence_recall": 0.7732300884955752}
Všechna slova s předponou "pro-" a příponou '-ní'.	preloaded/cstenten23_mj2	[lemma="pro.*ní"]	[lc="pro.*ní"]	{"n_grams_1": 0.9, "n_grams_2": 0.7777777777777778, "n_grams_3": 0.75, "n_grams_4": 0.7142857142857143, "n_grams_5": 0.6666666666666666, "n_grams_6": 0.6, "bleu": 0.7825422900366437, "precision": 0.808, "recall": 0.808, "f1": 0.808, "maximal intersection over union": 0.808, "maximal intersection over union +-1": 0.808, "maximal intersection over union +-2": 0.808, "sentence_precision": 0.8021052631578948, "sentence_recall": 0.8089171974522293}
Podstatná jména, která končí na „ka“.	preloaded/cstenten23_mj2	[tag="k1.*" & word=".*ka"]	[lc = ".*ka$" & tag="k1.*"]	{"n_grams_1": 0.8888888888888888, "n_grams_2": 0.7058823529411765, "n_grams_3": 0.5, "n_grams_4": 0.4, "n_grams_5": 0.2857142857142857, "n_grams_6": 0.15384615384615385, "bleu": 0.5951856468498196, "precision": 1.0, "recall": 1.0, "f1": 1.0, "maximal intersection over union": 1.0, "maximal intersection over union +-1": 1.0, "maximal intersection over union +-2": 1.0, "sentence_precision": 1.0, "sentence_recall": 1.0}
Najdi výskyty číslovek v textu.	preloaded/cstenten23_mj2	[tag="k4.*"]	[tag="k4.*"]	{"n_grams_1": 1, "n_grams_2": 1, "n_grams_3": 1, "n_grams_4": 1, "n_grams_5": 1, "n_grams_6": 1, "bleu": 1, "precision": 1, "recall": 1, "f1": 1, "maximal intersection over union": 1, "maximal intersection over union +-1": 1, "maximal intersection over union +-2": 1, "sentence_precision": 1, "sentence_recall": 1}
Najdi výskyty číslovek v textu.	preloaded/frtenten22_fl4	[tag="Z.*"]	[tag="Z"]	{"n_grams_1": 0, "n_grams_2": 0, "n_grams_3": 0, "n_grams_4": 0, "n_grams_5": 0, "n_grams_6": 0, "bleu": 0, "precision": 0, "recall": 0, "f1": 0, "maximal intersection over union": 0, "maximal intersection over union +-1": 0, "maximal intersection over union +-2": 0, "sentence_precision": 0, "sentence_recall": 0}
Najdi výskyty číslovek v textu.	preloaded/ententen21_tt31	[tag="CD"]	[tag="CD"] | [tag="CDZ"]	{"n_grams_1": 0.8666666666666667, "n_grams_2": 0.7142857142857143, "n_grams_3": 0.5384615384615384, "n_grams_4": 0.4166666666666667, "n_grams_5": 0.2727272727272727, "n_grams_6": 0.2, "bleu": 0.4001601601922499, "precision": 0.997, "recall": 0.997, "f1": 0.997, "maximal intersection over union": 0.997, "maximal intersection over union +-1": 0.997, "maximal intersection over union +-2": 0.997, "sentence_precision": 0.9968304278922345, "sentence_recall": 0.995253164556962}
Všechny výskyty dvojtečky.	preloaded/cstenten23_mj2	[word==":"]	[word=":"]	{"n_grams_1": 1.0, "n_grams_2": 1.0, "n_grams_3": 0.8, "n_grams_4": 0.5, "n_grams_5": 0.3333333333333333, "n_grams_6": 0.0, "bleu": 0.6894026190863772, "precision": 1.0, "recall": 1.0, "f1": 1.0, "maximal intersection over union": 1.0, "maximal intersection over union +-1": 1.0, "maximal intersection over union +-2": 1.0, "sentence_precision": 1.0, "sentence_recall": 1.0}
Všechna interpunkční znaménka kromě tečky.	preloaded/cstenten23_mj2	[tag="kI.*" & word!=="."]	[tag="kZ.*" & word != "."]	{"n_grams_1": 0.9375, "n_grams_2": 0.8666666666666667, "n_grams_3": 0.7142857142857143, "n_grams_4": 0.5384615384615384, "n_grams_5": 0.3333333333333333, "n_grams_6": 0.18181818181818182, "bleu": 0.7023750892707125, "precision": 0, "recall": 0.0, "f1": 0.0, "maximal intersection over union": 0, "maximal intersection over union +-1": 0, "maximal intersection over union +-2": 0, "sentence_precision": 0, "sentence_recall": 0.0}
Najdi všechna podstatná jména v 1. pádě jednotného čísla.	preloaded/cstenten23_mj2	[tag="k1.*nS.*c1.*"]	[k="1" & n="S" & c="1"]	{"n_grams_1": 0.5789473684210527, "n_grams_2": 0.2222222222222222, "n_grams_3": 0.0, "n_grams_4": 0.0, "n_grams_5": 0.0, "n_grams_6": 0.0, "bleu": 6.1683028603484695e-155, "precision": 0, "recall": 0.0, "f1": 0.0, "maximal intersection over union": 0, "maximal intersection over union +-1": 0, "maximal intersection over union +-2": 0, "sentence_precision": 0, "sentence_recall": 0.0}
Najdi všechny výpustky.	preloaded/cstenten23_mj2	[word="\.{3}"]	[word="..."] | [word="…"]	{"n_grams_1": 0.8823529411764706, "n_grams_2": 0.5, "n_grams_3": 0.26666666666666666, "n_grams_4": 0.14285714285714285, "n_grams_5": 0.0, "n_grams_6": 0.0, "bleu": 0.17694975149532557, "precision": 0.014, "recall": 0.014, "f1": 0.014, "maximal intersection over union": 0.014, "maximal intersection over union +-1": 0.0161, "maximal intersection over union +-2": 0.018007936507936508, "sentence_precision": 0.025547445255474453, "sentence_recall": 0.014767932489451477}
Najdi všechny výskyty zkratek (např. „např.“, „tj.“, „atd.“).	preloaded/cstenten23_mj2	[tag="kA.*"]	[lc="např."] | [lc="tj."] | [lc="atd."] | [lc=".*\\."]	{"n_grams_1": 0.7027027027027027, "n_grams_2": 0.25, "n_grams_3": 0.0, "n_grams_4": 0.0, "n_grams_5": 0.0, "n_grams_6": 0.0, "bleu": 5.2856814140221295e-155, "precision": 0.009, "recall": 0.009, "f1": 0.009, "maximal intersection over union": 0.009, "maximal intersection over union +-1": 0.0147, "maximal intersection over union +-2": 0.01926190476190476, "sentence_precision": 0.050955414012738856, "sentence_recall": 0.0564042303172738}
Najdi všechny výskyty zkratek.	preloaded/cstenten23_mj2	[tag="kA.*"]	[tag="kY.*"]	{"n_grams_1": 0.8888888888888888, "n_grams_2": 0.75, "n_grams_3": 0.5714285714285714, "n_grams_4": 0.3333333333333333, "n_grams_5": 0.0, "n_grams_6": 0.0, "bleu": 0.5969491792019646, "precision": 0.0, "recall": 0.0, "f1": 0.0, "maximal intersection over union": 0.0, "maximal intersection over union +-1": 0.005, "maximal intersection over union +-2": 0.009670634920634922, "sentence_precision": 0.08644859813084112, "sentence_recall": 0.08695652173913043}
Najdi všechna slova obsahující pomlčku nebo spojovník.	preloaded/cstenten23_mj2	[word=".*[-–].*"]	[word=".*[-–].*"]	{"n_grams_1": 1, "n_grams_2": 1, "n_grams_3": 1, "n_grams_4": 1, "n_grams_5": 1, "n_grams_6": 1, "bleu": 1, "precision": 1, "recall": 1, "f1": 1, "maximal intersection over union": 1, "maximal intersection over union +-1": 1, "maximal intersection over union +-2": 1, "sentence_precision": 1, "sentence_recall": 1}
Najdi všechna slova, která mají stejný základ jako „věřit“.	preloaded/cstenten23_mj2	[lemma="věřit"]	[lemma_lc=".*věř.*"]	{"n_grams_1": 0.45454545454545453, "n_grams_2": 0.2, "n_grams_3": 0.0, "n_grams_4": 0.0, "n_grams_5": 0.0, "n_grams_6": 0.0, "bleu": 8.190757052088229e-155, "precision": 0.35, "recall": 0.35, "f1": 0.35, "maximal intersection over union": 0.35, "maximal intersection over union +-1": 0.35, "maximal intersection over union +-2": 0.35025, "sentence_precision": 0.3598326359832636, "sentence_recall": 0.35137895812053116}
Potřebuji všechny předložky v korpusu.	preloaded/cstenten23_mj2	[tag="k7.*"]	[tag="k7.*"]	{"n_grams_1": 1, "n_grams_2": 1, "n_grams_3": 1, "n_grams_4": 1, "n_grams_5": 1, "n_grams_6": 1, "bleu": 1, "precision": 1, "recall": 1, "f1": 1, "maximal intersection over union": 1, "maximal intersection over union +-1": 1, "maximal intersection over union +-2": 1, "sentence_precision": 1, "sentence_recall": 1}
Potřebuji nalézt příslovce.	preloaded/ententen21_tt31	[tag="RB.*"]	[tag="RB" | tag="RBR" | tag="RBS"]	{"n_grams_1": 0.7894736842105263, "n_grams_2": 0.5, "n_grams_3": 0.29411764705882354, "n_grams_4": 0.125, "n_grams_5": 0.06666666666666667, "n_grams_6": 0.0, "bleu": 0.21797469124036953, "precision": 1.0, "recall": 1.0, "f1": 1.0, "maximal intersection over union": 1.0, "maximal intersection over union +-1": 1.0, "maximal intersection over union +-2": 1.0, "sentence_precision": 1.0, "sentence_recall": 1.0}
Potřebuji nalézt příslovce.	preloaded/frtenten22_fl4	[tag="R.*"]	[tag="R.*"]	{"n_grams_1": 1, "n_grams_2": 1, "n_grams_3": 1, "n_grams_4": 1, "n_grams_5": 1, "n_grams_6": 1, "bleu": 1, "precision": 1, "recall": 1, "f1": 1, "maximal intersection over union": 1, "maximal intersection over union +-1": 1, "maximal intersection over union +-2": 1, "sentence_precision": 1, "sentence_recall": 1}
Potřebuji nalézt příslovce.	preloaded/cstenten23_mj2	[tag="k6.*"]	[k="k6"]	{"n_grams_1": 0.8571428571428571, "n_grams_2": 0.5, "n_grams_3": 0.2, "n_grams_4": 0.0, "n_grams_5": 0.0, "n_grams_6": 0.0, "bleu": 4.966097853332116e-78, "precision": 1.0, "recall": 1.0, "f1": 1.0, "maximal intersection over union": 1.0, "maximal intersection over union +-1": 1.0, "maximal intersection over union +-2": 1.0, "sentence_precision": 1.0, "sentence_recall": 1.0}
Chci slovo, které se v korpusu nachází na pozici 1000.	preloaded/ententen21_tt31	[#1000]	<match count="1000"/>	{"n_grams_1": 0.0, "n_grams_2": 0.0, "n_grams_3": 0.0, "n_grams_4": 0.0, "n_grams_5": 0.0, "n_grams_6": 0.0, "bleu": 0, "precision": 0, "recall": 0, "f1": 0, "maximal intersection over union": 0, "maximal intersection over union +-1": 0, "maximal intersection over union +-2": 0, "sentence_precision": 0, "sentence_recall": 0}
Potřebuji slovko, které se v korpusu nachází na první pozici.	preloaded/ententen21_tt31	[#1]	[ ] within s :0	{"n_grams_1": 0.5, "n_grams_2": 0.0, "n_grams_3": 0.0, "n_grams_4": 0.0, "n_grams_5": 0, "n_grams_6": 0, "bleu": 1.5319719891192393e-231, "precision": 0, "recall": 0, "f1": 0, "maximal intersection over union": 0, "maximal intersection over union +-1": 0, "maximal intersection over union +-2": 0, "sentence_precision": 0, "sentence_recall": 0}
Jak naleznu slovo na pozici 7831?	preloaded/ententen21_tt31	[#7831]	[ absolute_position = "7831" ]	{"n_grams_1": 0.2857142857142857, "n_grams_2": 0.0, "n_grams_3": 0.0, "n_grams_4": 0.0, "n_grams_5": 0.0, "n_grams_6": 0.0, "bleu": 1.331960397810445e-231, "precision": 0, "recall": 0, "f1": 0, "maximal intersection over union": 0, "maximal intersection over union +-1": 0, "maximal intersection over union +-2": 0, "sentence_precision": 0, "sentence_recall": 0}
Slovo "COVID" po roce 2019	preloaded/ententen21_tt31	[word="COVID"] within <doc year="20[2-9].*"/>	<doc modified_year="202[0-9]"> [lc="covid"]	{"n_grams_1": 0.7058823529411765, "n_grams_2": 0.1875, "n_grams_3": 0.0, "n_grams_4": 0.0, "n_grams_5": 0.0, "n_grams_6": 0.0, "bleu": 7.110803507556563e-155, "precision": 0.0, "recall": 0, "f1": 0.0, "maximal intersection over union": 0.0, "maximal intersection over union +-1": 0.0, "maximal intersection over union +-2": 0.0, "sentence_precision": 0.0, "sentence_recall": 0}
Potřebuji všechy výskyty různých květin vyskytující se v okolí velikosti +-5 od slova roste.	preloaded/ententen21_tt31	(meet ~"dandelion-n" [lemma="grow"] -5 5)	[tag="N.*"] within 5 of [lempos="grow-v"]	{"n_grams_1": 0.5555555555555556, "n_grams_2": 0.23529411764705882, "n_grams_3": 0.0, "n_grams_4": 0.0, "n_grams_5": 0.0, "n_grams_6": 0.0, "bleu": 6.898804976972959e-155, "precision": 0, "recall": 0, "f1": 0, "maximal intersection over union": 0, "maximal intersection over union +-1": 0, "maximal intersection over union +-2": 0, "sentence_precision": 0, "sentence_recall": 0}
Potřebuji všechy výskyty slova "grow" vyskytující se v okolí velikosti +-5 od různých květin.	preloaded/ententen21_tt31	(meet [lemma="grow"] ~"dandelion-n" -5 5)	[lemma="grow"] within <0,5> [lemma="flower"]	{"n_grams_1": 0.65, "n_grams_2": 0.5263157894736842, "n_grams_3": 0.3888888888888889, "n_grams_4": 0.29411764705882354, "n_grams_5": 0.1875, "n_grams_6": 0.13333333333333333, "bleu": 0.310441435588881, "precision": 0, "recall": 0, "f1": 0, "maximal intersection over union": 0, "maximal intersection over union +-1": 0, "maximal intersection over union +-2": 0, "sentence_precision": 0, "sentence_recall": 0}
Najdi všechny případy, kdy je v přímé řeči oslovení.	preloaded/ententen21_tt31	[word="\""][word!="\""]+[word="\""] containing [word="\""][tag="NP|NPS"][word=","][]?[tag="PP"]	(  [word="\""]   ( [word!="\""] ){0,150}   [tag="NP|NPS|NN|NNS|PP"]{1,3}   ( [word!="\""] ){0,150}   [word="\""]) within s	{"n_grams_1": 0.6944444444444444, "n_grams_2": 0.5352112676056338, "n_grams_3": 0.45714285714285713, "n_grams_4": 0.37681159420289856, "n_grams_5": 0.3088235294117647, "n_grams_6": 0.23880597014925373, "bleu": 0.4548160256161644, "precision": 0, "recall": 0, "f1": 0, "maximal intersection over union": 0, "maximal intersection over union +-1": 0, "maximal intersection over union +-2": 0, "sentence_precision": 0, "sentence_recall": 0}
Najdi všechny případy přímé řeči, kterou někdo pronáší.	preloaded/ententen21_tt31	[word="\""][word!="\""]+[word="\""] within (([tag="NP|NPS|PP"][lemma="say"][word=":"]?[word="\""][word!="\""]+[word="\""]) | ([word="\""][word!="\""]+[word="\""][lemma="say"][tag="NP|NPS|PP"]) | ([word="\""][word!="\""]+[word="\""][tag="NP|NPS|PP"][lemma="say"]))	(  [word="\""]   within <p>  []*   [word="\""]) | (  [word="'"]   within <p>  []*   [word="'"])	{"n_grams_1": 0.7959183673469388, "n_grams_2": 0.625, "n_grams_3": 0.5319148936170213, "n_grams_4": 0.43478260869565216, "n_grams_5": 0.37777777777777777, "n_grams_6": 0.3409090909090909, "bleu": 0.04166764080255558, "precision": 0.0, "recall": 0.0, "f1": 0.0, "maximal intersection over union": 0.0, "maximal intersection over union +-1": 0.0, "maximal intersection over union +-2": 0.0, "sentence_precision": 0.0, "sentence_recall": 0.0}
Najdi všechny věty, které jsou prosbou.	preloaded/ententen21_tt31	<s/> containing ([lemma="please"] | [lemma="could"] | [lemma="would"] | [lemma="can"] | [lemma="will"] within <s/>)	[s  [tag="VV"|"VB"|"VH"] at s.begin  |  [lc="please"] [tag="VV"|"VB"|"VH"] at s.begin+1  |  [tag="MD"] [lc="you"] []{0,3} [tag="VV"|"VB"|"VH"]]	{"n_grams_1": 0.6395348837209303, "n_grams_2": 0.18823529411764706, "n_grams_3": 0.03571428571428571, "n_grams_4": 0.024096385542168676, "n_grams_5": 0.012195121951219513, "n_grams_6": 0.0, "bleu": 0.08385547944057041, "precision": 0, "recall": 0, "f1": 0, "maximal intersection over union": 0, "maximal intersection over union +-1": 0, "maximal intersection over union +-2": 0, "sentence_precision": 0, "sentence_recall": 0}
Potřebuji všechy výskyty slova koroze vyskytující se okolo kovů.	preloaded/ententen21_tt31	(meet [lemma="corrosion"] ~"metal-n" -5 5)	[lemma_lc="corrosion"] within 5 tokens of [lemma_lc~"\\b(iron|steel|copper|aluminum|aluminium|gold|silver|zinc|lead|tin|nickel|titanium|metal|magnesium|brass|bronze|alloy)\\b"]	{"n_grams_1": 0.25, "n_grams_2": 0.11764705882352941, "n_grams_3": 0.06, "n_grams_4": 0.04081632653061224, "n_grams_5": 0.020833333333333332, "n_grams_6": 0.0, "bleu": 0.08441965713154952, "precision": 0, "recall": 0, "f1": 0, "maximal intersection over union": 0, "maximal intersection over union +-1": 0, "maximal intersection over union +-2": 0, "sentence_precision": 0, "sentence_recall": 0}
Potřebuji všechy výskyty slova koroze vyskytující se okolo různých kovů. Použí thesaurus.	preloaded/ententen21_tt31	(meet [lemma="corrosion"] ~"metal-n" -5 5)	within s {  [lemma="corrosion"] within 5 tokens [lc : thes("metal")]}	{"n_grams_1": 0.6190476190476191, "n_grams_2": 0.3, "n_grams_3": 0.2631578947368421, "n_grams_4": 0.2222222222222222, "n_grams_5": 0.17647058823529413, "n_grams_6": 0.125, "bleu": 0.30961688266242904, "precision": 0, "recall": 0, "f1": 0, "maximal intersection over union": 0, "maximal intersection over union +-1": 0, "maximal intersection over union +-2": 0, "sentence_precision": 0, "sentence_recall": 0}
Potřebuji všechy výskyty různých kovů vyskytující se okolo slova koroze.	preloaded/ententen21_tt31	(meet ~"metal-n" [lemma="corrosion"] -5 5)	<s>  [ lemma_lc regex "iron|steel|aluminum|aluminium|copper|gold|silver|zinc|lead|tin|nickel|titanium|magnesium|platinum|mercury|cobalt|chromium|bronze|brass|metal|alloy" ]  within 5 of  [ lemma_lc = "corrosion" ]</s>	{"n_grams_1": 0.16393442622950818, "n_grams_2": 0.08333333333333333, "n_grams_3": 0.05084745762711865, "n_grams_4": 0.034482758620689655, "n_grams_5": 0.017543859649122806, "n_grams_6": 0.0, "bleu": 0.06257272008757943, "precision": 0, "recall": 0, "f1": 0, "maximal intersection over union": 0, "maximal intersection over union +-1": 0, "maximal intersection over union +-2": 0, "sentence_precision": 0, "sentence_recall": 0}
Potřebuji všechy výskyty slova koroze vyskytující se okolo různých květin.	preloaded/ententen21_tt31	(meet [lemma="corrosion"] ~"daisy-n" -5 5)	<s>(  [lemma="corrosion"]   within 5   [lemma="flower|rose|tulip|lily|orchid|daisy|sunflower|violet|poppy|marigold|carnation|peony|iris|daffodil|jasmine|lilac|lavender|chrysanthemum|geranium|begonia|azalea|hydrangea|magnolia|camellia|hibiscus|zinnia|petunia|snapdragon|dahlia|cosmos|anemone|bluebell|forgetmenot" & tag="N.*"]) | (  [lemma="flower|rose|tulip|lily|orchid|daisy|sunflower|violet|poppy|marigold|carnation|peony|iris|daffodil|jasmine|lilac|lavender|chrysanthemum|geranium|begonia|azalea|hydrangea|magnolia|camellia|hibiscus|zinnia|petunia|snapdragon|dahlia|cosmos|anemone|bluebell|forgetmenot" & tag="N.*"]   within 5   [lemma="corrosion"])</s>	{"n_grams_1": 0.1925133689839572, "n_grams_2": 0.11827956989247312, "n_grams_3": 0.07567567567567568, "n_grams_4": 0.05434782608695652, "n_grams_5": 0.03278688524590164, "n_grams_6": 0.02197802197802198, "bleu": 0.03249432031624986, "precision": 0, "recall": 0, "f1": 0, "maximal intersection over union": 0, "maximal intersection over union +-1": 0, "maximal intersection over union +-2": 0, "sentence_precision": 0, "sentence_recall": 0}
Potřebuji všechy výskyty slova roste vyskytující se v okolí velikosti +-5 od různých květin.	preloaded/ententen21_tt31	(meet [lemma="grow"] ~"rose-n" -5 5)	(  [ ( lemma="flower" | lc ~ "rose|tulip|daisy|lily|orchid|sunflower|daffodil|violet|poppy|iris|peony|marigold|carnation|hydrangea|chrysanthemum|blossom|bloom" ) & pos="n" ]  []{0,5}  [ lemma="grow" ]) | (  [ lemma="grow" ]  []{0,5}  [ ( lemma="flower" | lc ~ "rose|tulip|daisy|lily|orchid|sunflower|daffodil|violet|poppy|iris|peony|marigold|carnation|hydrangea|chrysanthemum|blossom|bloom" ) & pos="n" ])	{"n_grams_1": 0.3597122302158273, "n_grams_2": 0.15942028985507245, "n_grams_3": 0.08759124087591241, "n_grams_4": 0.058823529411764705, "n_grams_5": 0.044444444444444446, "n_grams_6": 0.029850746268656716, "bleu": 0.04656278838474346, "precision": 0, "recall": 0, "f1": 0, "maximal intersection over union": 0, "maximal intersection over union +-1": 0, "maximal intersection over union +-2": 0, "sentence_precision": 0, "sentence_recall": 0}
